fixIdx,legIdx,tickLead,togo,area
3328,2,16.310749891655,99.048,38.77548047443334
3329,2,21.310749891655,98.99,244.7796206485565
3330,2,22.310749891655,98.979,48.58520529829245
3331,2,23.310749891655,98.968,50.757223096817825
3332,2,24.310749891655,98.955,62.55153516050359
3333,2,25.310749891655,98.946,45.081204428777454
3334,2,26.310749891655,98.936,52.0642381005574
3335,2,27.310749891655,98.928,43.23051373255223
3336,2,28.310749891655,98.919,50.41077240433031
3337,2,29.310749891655,98.908,63.78303490695572
3338,2,30.310749891655,98.895,77.9422443906788
3339,2,31.310749891655,98.884,68.11869683101122
3340,2,32.310749891655,98.87,89.45412047701393
3341,2,33.310749891655,98.856,92.20961866314916
3342,2,34.310749891655,98.842,94.9643328490972
3343,2,35.310749891655,98.828,97.71826303513886
3344,2,36.310749891655,98.815,93.29535203091034
3345,2,37.310749891655,98.801,103.2248161082191
3346,2,38.310749891655,98.788,98.40717588448844
3347,2,39.310749891655,98.774,108.72834518129936
3348,2,40.310749891655,98.762,95.55389148717917
3349,2,41.310749891655,98.752,81.5945145410452
3350,2,42.310749891655,98.74,100.27241541123655
3351,2,43.310749891655,98.729,94.07783517387048
3352,2,44.310749891655,98.716,113.73616816069743
3353,2,45.310749891655,98.704,107.34297892333042
3354,2,46.310749891655,98.692,109.69868142736172
3355,2,47.310749891655,98.682,93.37911949107021
3356,2,48.310749891655,98.672,95.34319734122559
3357,2,49.310749891655,98.662,97.30687519110998
3358,2,50.310749891655,98.65,119.1229761914713
3359,2,51.310749891655,98.638,121.4759426955026
3360,2,52.310749891655,98.627,113.50988085125262
3361,2,53.310749891655,98.614,136.69585305184458
3362,2,54.310749891655,98.601,139.24162901853165
3363,2,55.310749891655,98.59,119.97460290069164
3364,2,56.310749891655,98.579,122.13007669937478
3365,2,57.310749891655,98.568,124.28506649774238
3366,2,58.310749891655,98.556,137.93337913971644
3367,2,59.310749891655,98.545,128.59228925829552
3368,2,60.310749891655,98.532,154.51620153323216
3369,2,61.310749891655,98.522,120.81528509139197
3370,2,62.310749891655,98.51,147.3265400718364
3371,2,63.310749891655,98.499,137.20066277957903
3372,2,64.310749891655,98.489,126.68445999645814
3373,2,65.310749891655,98.477,154.3679659579225
3374,2,66.310749891655,98.469,104.47709558542277
3375,2,67.310749891655,98.46,119.29894798872807
3376,2,68.310749891655,98.448,161.41119767599815
3377,2,69.310749891655,98.428,272.9124639133351
3378,2,70.310749891655,98.408,276.79373531342105
3379,2,71.310749891655,98.402,84.20801211706292
3380,2,72.310749891655,98.392,142.30321714185635
3381,2,76.310749891655,98.342,750.6459534592001
3382,2,77.310749891655,98.324,273.6791268874704
3383,2,78.310749891655,98.308,246.37438996299798
3384,2,79.310749891655,98.303,77.9668292348916
3385,2,80.310749891655,98.295,126.31146245752673
3386,2,81.310749891655,98.289,95.90635474021029
3387,2,82.310749891655,98.284,80.90035519218792
3388,2,83.310749891655,98.277,114.62951016625712
3389,2,84.310749891655,98.268,149.13770703710367
3390,2,85.310749891655,98.26,134.12760843758306
3391,2,86.310749891655,98.249,186.56923065521931
3392,2,87.310749891655,98.239,171.55514624695905
3393,2,88.310749891655,98.229,173.50236409722552
3394,2,89.310749891655,98.218,192.99311772354966
3395,2,90.310749891655,98.206,212.87038484062938
3396,2,91.310749891655,98.193,233.13341958371876
3397,2,92.310749891655,98.182,199.40275860963297
3398,2,93.310749891655,98.17,219.86102835272325
3399,2,94.310749891655,98.154,296.24741858776736
3400,2,95.310749891655,98.141,243.21730744960342
3401,2,96.310749891655,98.128,245.73658941640693
3402,2,97.310749891655,98.115,248.25519538294455
3403,2,98.310749891655,98.104,212.19480736281386
3404,2,99.310749891655,98.092,233.8124626289266
3405,2,100.310749891655,98.08,236.1379251329579
3406,2,101.310749891655,98.067,258.3333955670838
3407,2,102.310749891655,98.052,300.9762293697486
3408,2,103.310749891655,98.037,303.8715245325826
3409,2,104.310749891655,98.025,245.41649094310128
3410,2,105.310749891655,98.013,247.73890544713257
3411,2,106.310749891655,98.005,166.7105645783032
3412,2,107.310749891655,97.994,231.3607963480685
3413,2,108.310749891655,97.983,233.4905741465939
3414,2,109.310749891655,97.972,235.6198679454237
3415,2,110.310749891655,97.96,259.3608701732708
3416,2,111.310749891655,97.947,283.4852160271221
3417,2,112.310749891655,97.935,263.995851723336
3418,2,113.310749891655,97.924,244.12223179323038
3419,2,114.310749891655,97.912,268.633920189396
3420,2,115.310749891655,97.903,203.21617041031755
3421,2,116.310749891655,97.892,250.50369602562776
3422,2,117.310749891655,97.88,275.59392153347943
3423,2,118.310749891655,97.866,324.2239846759892
3424,2,119.310749891655,97.855,256.86781207488986
3425,2,120.310749891655,97.843,282.5348775875759
3426,2,121.310749891655,97.832,261.1122908357803
3427,2,122.310749891655,97.823,215.37638793047398
3428,2,123.310749891655,97.81,313.6074751359872
3429,2,124.310749891655,97.802,194.53339526234356
3430,2,125.310749891655,97.793,220.59140512553273
3431,2,126.310749891655,97.784,222.33129778405035
3432,2,127.310749891655,97.773,273.8615914824324
3433,2,128.310749891655,97.762,275.981667280604
3434,2,129.310749891655,97.753,227.539721385611
3435,2,130.310749891655,97.743,254.7523036083202
3436,2,131.310749891655,97.734,231.01408310914815
3437,2,132.310749891655,97.723,284.47168465719363
3438,2,133.310749891655,97.713,260.53719715838815
3439,2,134.310749891655,97.702,288.709687090742
3440,2,135.310749891655,97.69,317.2636565139751
3441,2,136.310749891655,97.68,266.3103120630842
3442,2,137.310749891655,97.669,295.0586944866994
3443,2,138.310749891655,97.658,297.17406228484356
3444,2,139.310749891655,97.646,326.49536036208985
3445,2,140.310749891655,97.637,246.60273753983793
3446,2,141.310749891655,97.625,331.1114357441446
3447,2,142.310749891655,97.613,333.4135942481759
3448,2,143.310749891655,97.603,279.76551350863633
3449,2,144.310749891655,97.593,281.6888113582587
3450,2,145.310749891655,97.582,311.9712817114219
3451,2,146.310749891655,97.574,228.42736564671998
3452,2,147.310749891655,97.564,287.4592511237248
3453,2,148.310749891655,97.554,289.3809689733362
3454,2,149.310749891655,97.546,233.044218430766
3455,2,150.310749891655,97.536,293.22921710378847
3456,2,151.310749891655,97.526,295.14977495381106
3457,2,152.310749891655,97.515,326.7752506656728
3458,2,153.310749891655,97.504,328.8836004641982
3459,2,154.310749891655,97.495,270.8139772631158
3460,2,155.310749891655,97.485,302.82490013890384
3461,2,156.310749891655,97.475,304.7434379889265
3462,2,157.310749891655,97.466,275.9968340516725
3463,2,158.310749891655,97.455,339.4389864758108
3464,2,159.310749891655,97.447,248.3998702029291
3465,2,160.310749891655,97.441,187.45584854931627
3466,2,161.310749891655,97.432,282.9159878727391
3467,2,162.310749891655,97.425,221.39170054162574
3468,2,163.310749891655,97.417,254.55834504297766
3469,2,164.310749891655,97.411,192.07400867935544
3470,2,165.310749891655,97.403,257.63878743500027
3471,2,166.310749891655,97.393,323.966688359114
3472,2,167.310749891655,97.387,195.53272718338678
3473,2,168.310749891655,97.379,262.2496921070393
3474,2,169.310749891655,97.373,197.8416429774051
3475,2,170.310749891655,97.367,198.99789260341294
3476,2,171.310749891655,97.362,166.7958550785828
3477,2,172.310749891655,97.358,134.20939687529946
3478,2,173.310749891655,97.353,168.72754711109627
3479,2,174.310749891655,97.35,101.81647780846856
3480,2,175.310749891655,97.344,204.79170683644304
3481,2,176.310749891655,97.34,137.29952812730787
3482,2,177.310749891655,97.336,138.07259018380006
3483,2,178.310749891655,97.329,242.9760348937868
3484,2,179.310749891655,97.323,209.4191765274705
3485,2,180.310749891655,97.316,245.6685283368097
3486,2,181.310749891655,97.31,211.7267160504875
3487,2,182.310749891655,97.304,212.88134567649536
3488,2,183.310749891655,97.3,142.6920206878369
3489,2,184.310749891655,97.295,179.32975187566993
3490,2,185.310749891655,97.291,144.2355103138466
3491,2,186.310749891655,97.287,145.00789236933585
3492,2,187.310749891655,97.283,145.78021042585542
3493,2,188.310749891655,97.28,109.91491329351439
3494,2,189.310749891655,97.276,147.32616902386337
3495,2,190.310749891655,97.273,111.07429824201897
3496,2,191.310749891655,97.268,186.08892297319304
3497,2,192.310749891655,97.264,149.6423791918766
3498,2,193.310749891655,97.261,112.81132086802684
3499,2,194.310749891655,97.259,75.59465413767329
3500,2,195.310749891655,97.258,37.99126113685646
3501,2,196.310749891655,97.257,38.18538551481495
3508,2,203.310749891655,97.251,237.2734040395652
3509,2,204.310749891655,97.246,198.68913960877012
3510,2,205.310749891655,97.24,239.58039902057956
3511,2,206.310749891655,97.232,320.9733132232616
3512,2,207.310749891655,97.221,443.43416973532777
3513,2,208.310749891655,97.213,324.0215387558684
3514,2,209.310749891655,97.201,488.31528155325304
3515,2,217.310749891655,97.116,3589.3097038689575
3516,2,218.310749891655,97.103,551.2012419319171
3517,2,219.310749891655,97.095,340.7176720594881
3518,2,220.310749891655,97.091,171.1250531140528
3519,2,221.310749891655,97.081,429.7235092792335
3520,2,222.310749891655,97.073,345.3001706761371
3521,2,223.310749891655,97.065,346.82481889953675
3522,2,224.310749891655,97.057,348.34921112354976
3523,2,225.310749891655,97.047,437.33717796992175
3524,2,226.310749891655,97.038,395.3116970345117
3525,2,227.310749891655,97.029,397.02163769302933
3526,2,228.310749891655,97.019,443.03244394935575
3527,2,229.310749891655,97.011,355.94531841225756
3528,2,230.310749891655,97.001,446.8304920793913
3529,2,231.310749891655,96.993,358.9831809162925
3530,2,232.310749891655,96.986,315.44384867221845
3531,2,233.310749891655,96.977,407.28287683113115
3532,2,234.310749891655,96.971,272.6646079199306
3533,2,235.310749891655,96.963,365.0780397563519
3534,2,236.310749891655,96.956,320.77601015725696
3535,2,237.310749891655,96.947,414.13739702618994
3536,2,238.310749891655,96.938,415.84391768470755
3537,2,239.310749891655,96.93,371.1575716797573
3538,2,240.310749891655,96.922,372.67775590443233
3539,2,241.310749891655,96.914,374.1976841277833
3540,2,242.310749891655,96.904,469.64184922524817
3541,2,243.310749891655,96.893,518.68182736408
3542,2,244.310749891655,96.882,520.7544711626055
3543,2,245.310749891655,96.87,570.3533809561169
3544,2,253.310749891655,96.798,3532.189414321361
3545,2,254.310749891655,96.79,393.8520755999874
3546,2,255.310749891655,96.775,741.2883795417011
3547,2,256.310749891655,96.768,347.25006026421227
3548,2,257.310749891655,96.761,348.5796448107238
3549,2,258.310749891655,96.753,399.89397163604815
3550,2,259.310749891655,96.744,451.58266954608723
3551,2,260.310749891655,96.735,453.28197220460487
3552,2,263.310749891655,96.702,1680.823370384202
3553,2,264.310749891655,96.692,511.16113164572874
3554,2,265.310749891655,96.682,513.0420094950223
3555,2,266.310749891655,96.672,514.922487345774
3556,2,267.310749891655,96.663,465.1247144727457
3557,2,268.310749891655,96.65,674.2834279190057
3558,2,269.310749891655,96.639,572.602860894404
3559,2,270.310749891655,96.633,313.46099551837153
3560,2,271.310749891655,96.63,157.3029883689387
3561,2,272.310749891655,96.624,315.7508499573833
3562,2,273.310749891655,96.622,105.63241834687933
3564,2,275.310749891655,96.621,53.201875241567116
3570,2,283.310749891655,96.619,109.49393861787163
3571,2,284.310749891655,96.615,219.7540137785248
3572,2,285.310749891655,96.611,220.5178198337458
3573,2,286.310749891655,96.61,55.32124940507963
3574,2,287.310749891655,96.609,55.51389578358076
3590,2,303.310749891655,96.604,293.0178995938152
3591,2,304.310749891655,96.597,411.55198832901755
3592,2,305.310749891655,96.59,412.8744748746909
3593,2,306.310749891655,96.583,414.1967654220407
3594,2,307.310749891655,96.578,296.80225879883994
3595,2,308.310749891655,96.572,357.30132804945254
3596,2,314.310749891655,96.556,971.2353040815332
3599,2,317.310749891655,96.549,428.92004650423206
3600,2,318.310749891655,96.545,245.8555837586174
3601,2,319.310749891655,96.539,369.9227809924959
3602,2,320.310749891655,96.53,556.5786855375086
3603,2,321.310749891655,96.518,744.3407717410388
3604,2,322.310749891655,96.507,684.354357475935
3605,2,323.310749891655,96.499,499.2073167493202
3606,2,324.310749891655,96.488,688.4653455824787
3607,2,325.310749891655,96.478,627.7391416362522
3608,2,326.310749891655,96.463,944.3808359227229
3609,2,327.310749891655,96.448,947.1276610852717
3610,2,328.310749891655,96.432,1013.1932390250771
3611,2,329.310749891655,96.417,952.6087320878728
3612,2,330.310749891655,96.401,1019.0377307620864
3613,2,331.310749891655,96.387,894.2183159013047
3614,2,332.310749891655,96.373,896.7870820873464
3615,2,333.310749891655,96.359,899.3550642743011
3616,2,334.310749891655,96.344,966.3402665456105
3617,2,335.310749891655,96.329,969.0799217081593
3618,2,336.310749891655,96.313,1036.6012076894767
3619,2,337.310749891655,96.3,844.6156610957972
3620,2,338.310749891655,96.285,977.3036365183027
3621,2,339.310749891655,96.272,849.3765808689495
3622,2,340.310749891655,96.259,851.7647968364157
3623,2,341.310749891655,96.244,985.5501492959363
3624,2,342.310749891655,96.229,988.2836544584851
3625,2,343.310749891655,96.215,924.9533153298173
3626,2,344.310749891655,96.201,927.5125615168005
3627,2,345.310749891655,96.186,996.4994885901812
3628,2,346.310749891655,96.173,866.0078639996636
3629,2,347.310749891655,96.158,1001.9793575612165
3630,2,348.310749891655,96.144,937.7319535590289
3631,2,349.310749891655,96.128,1074.6028240510516
3632,2,350.310749891655,96.114,942.8221485291183
3633,2,351.310749891655,96.101,877.8535452758713
3634,2,352.310749891655,96.087,947.9385776021987
3635,2,353.310749891655,96.073,950.4907117892052
3636,2,354.310749891655,96.059,953.0420619742821
3637,2,355.310749891655,96.045,955.5926281603238
3638,2,356.310749891655,96.032,889.7082987905703
3639,2,357.310749891655,96.018,960.7014132334042
3640,2,358.310749891655,96.004,963.2496554194458
3641,2,359.310749891655,95.992,827.8347208344097
3642,2,360.310749891655,95.982,691.7029589973597
3643,2,361.310749891655,95.971,762.9015061131818
3644,2,362.310749891655,95.959,834.4596267204957
3645,2,363.310749891655,95.949,697.222393902434
3646,2,364.310749891655,95.936,908.7749871578551
3647,2,365.310749891655,95.924,841.0622456905871
3648,2,366.310749891655,95.912,843.2590681946184
3649,2,367.310749891655,95.902,704.5534417975396
3650,2,368.310749891655,95.889,918.3029314224847
3651,2,369.310749891655,95.878,779.0377603188971
3652,2,370.310749891655,95.866,852.0583731267383
3653,2,371.310749891655,95.855,783.0687510794504
3654,2,372.310749891655,95.842,927.8210996861209
3655,2,373.310749891655,95.829,930.1869816526585
3656,2,374.310749891655,95.818,789.0908551290362
3657,2,375.310749891655,95.806,863.0225656468947
3658,2,376.310749891655,95.794,865.213676150926
3659,2,377.310749891655,95.785,650.563345381465
3660,2,378.310749891655,95.774,797.1571183231379
3661,2,379.310749891655,95.762,871.8199654950095
3662,2,380.310749891655,95.751,801.1789790836912
3663,2,381.310749891655,95.74,803.1933448832542
3664,2,382.310749891655,95.728,878.4032959230981
3665,2,383.310749891655,95.719,660.4532382105941
3666,2,384.310749891655,95.708,809.2419931142904
3667,2,385.310749891655,95.698,737.5078939379985
3668,2,386.310749891655,95.685,961.1330332040259
3669,2,387.310749891655,95.674,815.2693756733692
3670,2,388.310749891655,95.663,817.2803534729504
3671,2,389.310749891655,95.653,744.8137542620412
3672,2,390.310749891655,95.641,895.969255077325
3673,2,391.310749891655,95.632,673.6246295762643
3674,2,392.310749891655,95.622,750.3100015981697
3675,2,393.310749891655,95.611,827.3539409740146
3676,2,394.310749891655,95.602,678.576072771323
3677,2,395.310749891655,95.591,831.3871302451347
3678,2,396.310749891655,95.58,833.394346042586
3679,2,397.310749891655,95.57,759.459498418287
3680,2,398.310749891655,95.559,837.4160884761345
3681,2,399.310749891655,95.55,686.8069029094247
3682,2,400.310749891655,95.539,841.4447897461806
3683,2,401.310749891655,95.528,843.4496515447061
3684,2,402.310749891655,95.517,845.4540293443238
3685,2,403.310749891655,95.505,924.4947127896796
3686,2,404.310749891655,95.493,926.6705352937109
3687,2,405.310749891655,95.483,774.0462577123831
3688,2,406.310749891655,95.47,1008.6213361132013
3689,2,407.310749891655,95.458,933.2043222638023
3690,2,408.310749891655,95.445,1013.3207121257736
3691,2,409.310749891655,95.433,937.5410078127571
3692,2,410.310749891655,95.419,1096.3207813372935
3693,2,411.310749891655,95.405,1098.8314755222223
3694,2,412.310749891655,95.393,944.0167974939717
3695,2,413.310749891655,95.382,867.3429414160447
3696,2,414.310749891655,95.368,1106.4168575864553
3697,2,415.310749891655,95.355,1029.721057969908
3698,2,416.310749891655,95.341,1111.443126659541
3699,2,417.310749891655,95.327,1113.9492848444543
3700,2,418.310749891655,95.316,877.2281792071981
3701,2,419.310749891655,95.303,1039.071745837184
3702,2,420.310749891655,95.291,961.3044847782376
3703,2,421.310749891655,95.277,1124.036857794603
3704,2,422.310749891655,95.264,1046.0776637367967
3705,2,423.310749891655,95.248,1290.3324413330286
3706,2,424.310749891655,95.232,1293.163386230231
3707,2,425.310749891655,95.217,1215.000105091783
3708,2,426.310749891655,95.203,1136.4933019208238
3709,2,427.310749891655,95.192,894.9361324826428
3710,2,428.310749891655,95.182,815.3923069979977
3711,2,429.310749891655,95.172,817.2101848491791
3712,2,430.310749891655,95.161,900.9256955500582
3713,2,431.310749891655,95.15,902.9149813485838
3714,2,432.310749891655,95.139,904.9037831482782
3715,2,433.310749891655,95.127,989.3316376666651
3716,2,434.310749891655,95.117,826.2501430231287
3717,2,435.310749891655,95.107,828.0655208743254
3718,2,436.310749891655,95.095,995.8461270107485
3719,2,437.310749891655,95.085,831.6775841443749
3720,2,438.310749891655,95.074,916.8360727747594
3721,2,439.310749891655,95.063,918.8215085732849
3722,2,440.310749891655,95.054,753.3950295343946
3723,2,441.310749891655,95.044,838.9229093294675
3724,2,442.310749891655,95.036,672.5954187148735
3725,2,443.310749891655,95.03,505.54980593346295
3726,2,444.310749891655,95.022,675.5371731068961
3727,2,445.310749891655,95.015,592.3786328405464
3728,2,446.310749891655,95.009,508.8585236244904
3729,2,447.310749891655,95.0,764.9376144855003
3730,2,448.310749891655,94.993,596.2313301295825
3731,2,449.310749891655,94.984,768.2283749895315
3732,2,450.310749891655,94.978,513.2515840255309
3733,2,451.310749891655,94.973,428.63464126295895
3734,2,452.310749891655,94.966,601.3801606661272
3735,2,453.310749891655,94.959,602.6653092114152
3736,2,454.310749891655,94.952,603.9502617591503
3737,2,455.310749891655,94.949,259.3919001455354
3738,2,456.310749891655,94.946,259.9533895520373
3739,2,457.310749891655,94.944,173.67747659344798
3744,2,466.310749891655,94.942,177.09176610869918
3745,2,467.310749891655,94.935,621.1209427994273
3746,2,468.310749891655,94.926,800.225525566646
3747,2,469.310749891655,94.916,890.9489138097715
3748,2,470.310749891655,94.91,535.6632504536201
3749,2,471.310749891655,94.903,626.2263515834692
3750,2,472.310749891655,94.896,627.5087561312521
3751,2,473.310749891655,94.89,538.9665238736462
3752,2,474.310749891655,94.886,360.0511874861949
3753,2,475.310749891655,94.882,360.79508154091747
3834,2,556.310749891655,94.88,211.13328104288857
3835,2,557.310749891655,94.872,846.0066353070616
3836,2,558.310749891655,94.862,1059.3053181999744
3837,2,559.310749891655,94.855,742.7753027593885
3838,2,560.310749891655,94.847,850.336559008613
3839,2,561.310749891655,94.839,851.7823272311156
3840,2,562.310749891655,94.831,853.2278394551287
3841,2,563.310749891655,94.823,854.6730956806599
3842,2,564.310749891655,94.814,963.1277790948703
3843,2,565.310749891655,94.806,857.5537951551696
3844,2,566.310749891655,94.796,1073.736508008599
3845,2,567.310749891655,94.786,1075.5190658601475
3846,2,568.310749891655,94.778,861.8500719392158
3847,2,569.310749891655,94.768,1079.1057539901883
3848,2,570.310749891655,94.759,972.8035694524781
3849,2,571.310749891655,94.748,1190.9412490764287
3850,2,572.310749891655,94.739,976.0090235825172
3851,2,573.310749891655,94.73,977.6215302410349
3852,2,574.310749891655,94.721,979.2337128995524
3853,2,575.310749891655,94.711,1089.8226597353173
3854,2,576.310749891655,94.702,982.4467326230896
3855,2,577.310749891655,94.69,1312.0564505218135
3856,2,578.310749891655,94.68,1095.147067068831
3857,2,579.310749891655,94.671,987.2376282246503
3858,2,580.310749891655,94.661,1098.7139489854303
3859,2,581.310749891655,94.653,880.4021064394223
3860,2,582.310749891655,94.645,881.8420826650017
3861,2,583.310749891655,94.64,552.0598764657075
3862,2,584.310749891655,94.639,110.59775442927064
3875,2,597.310749891655,94.634,565.2739878207019
3876,2,598.310749891655,94.626,905.8903401954549
3877,2,599.310749891655,94.621,567.0888074248261
3878,2,600.310749891655,94.618,340.8066179962536
3879,2,601.310749891655,94.614,455.14894329292986
3880,2,602.310749891655,94.611,341.9167549447582
3888,2,610.310749891655,94.602,1039.3085512732869
3889,2,611.310749891655,94.593,1040.9124359318043
3890,2,612.310749891655,94.585,926.6857843451605
3891,2,613.310749891655,94.577,928.1207045675275
3892,2,614.310749891655,94.568,1045.7442610943533
3893,2,615.310749891655,94.561,814.61174771274
3894,2,616.310749891655,94.552,1048.9713735983846
3895,2,617.310749891655,94.546,700.3933690980996
3896,2,618.310749891655,94.538,935.3013586612526
3897,2,619.310749891655,94.531,819.6472491977789
3898,2,620.310749891655,94.522,1055.4444737934434
3899,2,621.310749891655,94.514,939.6007913332994
3900,2,622.310749891655,94.506,941.0334235556434
3901,2,623.310749891655,94.497,1060.2684149559923
3902,2,624.310749891655,94.491,707.9234400031713
3903,2,625.310749891655,94.484,827.1766927260195
3904,2,626.310749891655,94.476,946.7814343956921
3905,2,627.310749891655,94.469,829.690607468544
3906,2,628.310749891655,94.46,1068.3550949965647
3907,2,629.310749891655,94.452,951.0748190677314
3908,2,630.310749891655,94.442,1190.6191879009518
3909,2,631.310749891655,94.436,715.4442709065486
3910,2,632.310749891655,94.431,597.11317200009
3911,2,633.310749891655,94.423,956.8261468797785
3912,2,634.310749891655,94.416,838.4782538921307
3913,2,635.310749891655,94.408,959.695336299803
3914,2,636.310749891655,94.401,840.9883746346553
3915,2,637.310749891655,94.393,962.5635657198274
3916,2,638.310749891655,94.387,723.0018201873071
3917,2,639.310749891655,94.38,844.7654062741899
3918,2,640.310749891655,94.374,725.1672917103241
3919,2,641.310749891655,94.367,847.2914257159913
3920,2,642.310749891655,94.362,606.1133275826821
3921,2,643.310749891655,94.354,971.2242518118901
3922,2,644.310749891655,94.348,729.496362756358
3923,2,645.310749891655,94.337,1339.36504727585
3924,2,646.310749891655,94.33,853.562571749272
3925,2,647.310749891655,94.323,854.8198042957835
3926,2,648.310749891655,94.318,611.4899408510022
3927,2,649.310749891655,94.311,857.3518620880631
3928,2,650.310749891655,94.305,735.9540744094143
3929,2,651.310749891655,94.298,859.8741295333251
3930,2,652.310749891655,94.291,861.1304240798365
3931,2,653.310749891655,94.285,739.1923678294403
3932,2,654.310749891655,94.277,987.0251489680148
3933,2,655.310749891655,94.27,864.8981317193711
3934,2,656.310749891655,94.266,494.9528141651387
3964,2,686.310749891655,94.261,646.9405337253705
3965,2,687.310749891655,94.25,1425.2220045005236
3966,2,688.310749891655,94.24,1297.3969324714442
3967,2,689.310749891655,94.229,1429.0507849340722
3968,2,690.310749891655,94.219,1300.8768019564914
3969,2,691.310749891655,94.208,1432.8777173676208
3970,2,692.310749891655,94.198,1304.3549914415387
3971,2,693.310749891655,94.189,1175.4965901585972
3972,2,694.310749891655,94.178,1438.63756327269
3973,2,695.310749891655,94.167,1440.5413350712156
3974,2,696.310749891655,94.157,1311.3202566266311
3975,2,697.310749891655,94.147,1313.0640344747878
3976,2,698.310749891655,94.138,1183.3329558901971
3977,2,699.310749891655,94.125,1711.5064161897728
3978,2,700.310749891655,94.113,1581.901139257324
3979,2,701.310749891655,94.102,1451.9692306988659
3980,2,702.310749891655,94.091,1453.8696364992697
3981,2,703.310749891655,94.081,1323.4339042849213
3982,2,704.310749891655,94.072,1192.6636247193262
3983,2,705.310749891655,94.063,1194.242741377844
3984,2,706.310749891655,94.053,1328.6835302668653
3985,2,707.310749891655,94.045,1064.3498994643742
3986,2,708.310749891655,94.035,1332.1908583969062
3987,2,709.310749891655,94.025,1333.929796245033
3988,2,710.310749891655,94.016,1202.1078934834359
3989,2,711.310749891655,94.009,936.209426239318
3990,2,712.310749891655,94.002,937.4557947858294
3991,2,713.310749891655,93.995,938.7019673304353
3992,2,714.310749891655,93.986,1208.4916416784945
3993,2,715.310749891655,93.979,941.173695724367
3994,2,716.310749891655,93.971,1077.0448435364954
3995,2,717.310749891655,93.964,943.6545704668915
3996,2,718.310749891655,93.959,674.9355552588336
3997,2,719.310749891655,93.957,270.3399977545713
4006,2,728.310749891655,93.955,273.7166592666434
4007,2,729.310749891655,93.947,1096.3115882085265
4008,2,730.310749891655,93.94,960.51127105494
4009,2,731.310749891655,93.934,824.3656549509
4010,2,732.310749891655,93.931,412.7266770852029
4030,2,752.310749891655,93.929,282.6581949486338
4031,2,753.310749891655,93.922,990.5712437459888
4032,2,754.310749891655,93.916,850.1293358289242
4033,2,755.310749891655,93.914,283.7400363036378
4046,2,768.310749891655,93.909,721.5321498838454
4047,2,769.310749891655,93.901,1155.8740154986265
4048,2,770.310749891655,93.893,1157.2778957205862
4049,2,771.310749891655,93.887,869.0203956879627
4159,2,881.310749891655,93.879,1323.8415541125182
4160,2,882.310749891655,93.87,1490.8766488327315
4161,2,883.310749891655,93.862,1326.6055495909027
4162,2,884.310749891655,93.853,1493.9855317432646
4163,2,885.310749891655,93.845,1329.368457064574
4164,2,886.310749891655,93.835,1663.428015397509
4165,2,887.310749891655,93.823,1998.1315284380937
4166,2,888.310749891655,93.813,1666.7907586651897
4167,2,889.310749891655,93.804,1501.6483346618606
4168,2,890.310749891655,93.795,1503.1926573203782
4169,2,891.310749891655,93.785,1671.9207046476217
4170,2,892.310749891655,93.778,1171.5513682719582
4171,2,893.310749891655,93.769,1507.839760889429
4172,2,894.310749891655,93.764,838.5638892987794
4173,2,895.310749891655,93.757,1175.2269699114852
4174,2,896.310749891655,93.749,1344.5091477551205
4175,2,897.310749891655,93.739,1682.349978755336
4176,2,898.310749891655,93.731,1347.2505302591549
4177,2,899.310749891655,93.722,1517.206481995021
4178,2,900.310749891655,93.714,1350.0051657327897
4179,2,901.310749891655,93.706,1351.3892859568027
4180,2,902.310749891655,93.699,1183.6828225849652
4181,2,903.310749891655,93.693,1015.6392482622205
4182,2,904.310749891655,93.684,1525.0233184420954
4183,2,905.310749891655,93.679,848.1086901589794
4184,2,906.310749891655,93.671,1358.3785519368596
4185,2,907.310749891655,93.665,1019.8317998502572
4186,2,908.310749891655,93.658,1191.0324622145324
4187,2,909.310749891655,93.651,1192.254610761044
4188,2,910.310749891655,93.642,1534.4534815151776
4189,2,911.310749891655,93.635,1194.6728031506445
4190,2,912.310749891655,93.63,854.2193628939548
4191,2,913.310749891655,93.622,1368.1541163089391
4192,2,914.310749891655,93.617,855.9731524940394
4193,2,915.310749891655,93.612,856.8635819589794
4194,2,916.310749891655,93.606,1029.299195839334
4195,2,917.310749891655,93.602,686.9116434612669
4196,2,918.310749891655,93.597,859.5342703465008
4197,2,919.310749891655,93.59,1204.5811493781998
4198,2,920.310749891655,93.583,1205.801267927157
4199,2,921.310749891655,93.575,1379.4454186250143
4200,2,922.310749891655,93.57,863.0292264440368
4201,2,923.310749891655,93.562,1382.2478979890352
4202,2,924.310749891655,93.554,1383.6266422130484
4203,2,925.310749891655,93.547,1211.8859663092157
4204,2,926.310749891655,93.537,1732.9792033257277
4205,2,927.310749891655,93.529,1387.7465019155545
4206,2,928.310749891655,93.517,2083.6417502908926
4207,2,929.310749891655,93.506,1911.8273281461059
4208,2,930.310749891655,93.496,1739.6997085132825
4209,2,931.310749891655,93.485,1915.5115685796545
4210,2,932.310749891655,93.473,2091.6354381390074
4211,2,933.310749891655,93.463,1744.6937834183566
4212,2,934.310749891655,93.451,2095.6291140630647
4213,2,935.310749891655,93.439,2097.602712567096
4214,2,936.310749891655,93.429,1749.6651721059463
4215,2,937.310749891655,93.419,1751.3463899584553
4216,2,938.310749891655,93.411,1402.436779217286
4217,2,939.310749891655,93.402,1579.2791320756476
4218,2,940.310749891655,93.395,1229.5305900334588
4219,2,941.310749891655,93.385,1758.180218646034
4220,2,942.310749891655,93.377,1407.9027221718427
4221,2,943.310749891655,93.367,1761.57622677607
4222,2,944.310749891655,93.359,1410.6189526758772
4223,2,945.310749891655,93.35,1588.4822232137492
4224,2,946.310749891655,93.341,1590.0093018722666
4225,2,947.310749891655,93.335,1061.0410892806876
4226,2,948.310749891655,93.327,1416.108649569424
4227,2,949.310749891655,93.32,1240.3020247460804
4228,2,950.310749891655,93.311,1596.2170100648052
4229,2,951.310749891655,93.302,1597.7425767258433
4230,2,952.310749891655,93.294,1421.5790134960034
4231,2,953.310749891655,93.286,1422.9497577174911
4232,2,954.310749891655,93.277,1602.3516878883922
4233,2,955.310749891655,93.27,1247.4724812211614
4234,2,956.310749891655,93.261,1605.4344043924234
4235,2,957.310749891655,93.252,1606.958099050941
4236,2,958.310749891655,93.242,1787.1920499013174
4237,2,959.310749891655,93.232,1788.86512775388
4238,2,960.310749891655,93.221,1969.5810227442626
4239,2,961.310749891655,93.213,1433.7680667641587
4240,2,962.310749891655,93.203,1793.901207516396
4241,2,963.310749891655,93.195,1436.4735772681931
4242,2,964.310749891655,93.19,898.6652955919632
4243,2,965.310749891655,93.186,719.6430252855512
4244,2,966.310749891655,93.181,900.4421776270306
4245,2,967.310749891655,93.175,1081.5849726408965
4246,2,968.310749891655,93.165,1804.350251346469
4247,2,969.310749891655,93.155,1806.0197891990556
4248,2,970.310749891655,93.145,1807.6889270490778
4249,2,971.310749891655,93.137,1447.5016728897358
4250,2,972.310749891655,93.13,1267.7658451513882
4251,2,973.310749891655,93.124,1087.698122461963
4252,2,974.310749891655,93.119,907.2927849595322
4253,2,975.310749891655,93.115,726.5440887821778
4254,2,976.310749891655,93.109,1090.8749585269825
4255,2,977.310749891655,93.103,1091.9219361529904
4256,2,978.310749891655,93.098,910.8121997020518
4257,2,979.310749891655,93.089,1641.0143753107602
4258,2,980.310749891655,93.081,1460.035618457826
4259,2,981.310749891655,93.074,1278.731318523481
4260,2,982.310749891655,93.066,1462.7785838778505
4261,2,983.310749891655,93.059,1281.1309932660054
4262,2,984.310749891655,93.051,1465.520589297875
4263,2,985.310749891655,93.043,1466.8833495218882
4264,2,986.310749891655,93.037,1101.1962260390767
4265,2,987.310749891655,93.029,1469.6396959165215
4266,2,988.310749891655,93.02,1654.8680403593953
4267,2,989.310749891655,93.011,1656.3822130179128
4268,2,990.310749891655,93.0,2026.2956218782672
4269,2,991.310749891655,92.989,2028.1018456767927
4270,2,992.310749891655,92.98,1660.8513406194736
4271,2,993.310749891655,92.97,1847.0613394244774
4272,2,994.310749891655,92.963,1294.1262646181603
4273,2,995.310749891655,92.955,1480.3694719860332
4274,2,996.310749891655,92.95,926.0957497921983
4275,2,997.310749891655,92.949,185.399071094994
4290,2,1012.310749891655,92.947,376.369038322841
4291,2,1013.310749891655,92.937,1883.5825543295675
4292,2,1014.310749891655,92.93,1319.6882730490495
4293,2,1015.310749891655,92.925,943.5028971073912
4294,2,1016.310749891655,92.921,755.5091504956972
4295,2,1017.310749891655,92.916,945.2698891399043
4296,2,1018.310749891655,92.912,756.9226001217017
4297,2,1019.310749891655,92.906,1136.4377095402483
4298,2,1020.310749891655,92.901,947.9043975274257
4299,2,1021.310749891655,92.896,948.7823669872362
4300,2,1022.310749891655,92.89,1139.5861498762692
4301,2,1023.310749891655,92.883,1330.724555578308
4302,2,1024.310749891655,92.877,1141.655789399286
4303,2,1025.310749891655,92.87,1333.138771019123
4304,2,1026.310749891655,92.863,1334.338421568341
4305,2,1027.310749891655,92.856,1335.5378761148522
4306,2,1028.310749891655,92.85,1145.7808567163213
4307,2,1029.310749891655,92.841,1720.2036821232468
4308,2,1030.310749891655,92.835,1147.823872781341
4309,2,1031.310749891655,92.826,1723.2676662207762
4310,2,1032.310749891655,92.819,1341.503304143689
4311,2,1033.310749891655,92.812,1342.701554692924
4312,2,1034.310749891655,92.803,1727.8523085703212
4313,2,1035.310749891655,92.796,1345.0684790822195
4314,2,1036.310749891655,92.79,1153.9486009763998
4315,2,1037.310749891655,92.782,1539.9666438330355
4316,2,1038.310749891655,92.775,1348.6607947217465
4317,2,1039.310749891655,92.768,1349.857841270996
4318,2,1040.310749891655,92.76,1544.054182446336
4319,2,1041.310749891655,92.752,1545.4051186730942
4320,2,1042.310749891655,92.739,2513.410423004252
4321,2,1043.310749891655,92.727,2321.9840584729563
4322,2,1044.310749891655,92.716,2130.2613023156555
4323,2,1045.310749891655,92.703,2519.666161142349
4324,2,1046.310749891655,92.693,1939.818277870125
4325,2,1047.310749891655,92.68,2523.8607633139113
4326,2,1048.310749891655,92.669,2137.3368410002736
4327,2,1049.310749891655,92.656,2528.025691405976
4328,2,1050.310749891655,92.644,2335.4709834591727
4329,2,1051.310749891655,92.635,1753.07223986265
4330,2,1052.310749891655,92.624,2144.4504093578876
4331,2,1053.310749891655,92.615,1756.0280699926889
4332,2,1054.310749891655,92.606,1757.5244226512066
4333,2,1055.310749891655,92.596,1954.4566150125652
4334,2,1056.310749891655,92.586,1956.0973728653653
4335,2,1057.310749891655,92.576,1957.7377307153877
4336,2,1058.310749891655,92.568,1567.5190838226556
4337,2,1059.310749891655,92.558,1961.0596188426416
4338,2,1060.310749891655,92.549,1766.4384778218182
4339,2,1061.310749891655,92.538,2160.783050419107
4340,2,1062.310749891655,92.528,1965.9760123927022
4341,2,1063.310749891655,92.519,1770.8621790168768
4342,2,1064.310749891655,92.512,1378.5133765434048
4343,2,1065.310749891655,92.504,1576.7962696147615
4344,2,1066.310749891655,92.499,986.3534383129355
4345,2,1067.310749891655,92.495,789.7843394599867
4357,2,1079.310749891655,92.485,1996.5090251506047
4358,2,1080.310749891655,92.474,2197.9451558804535
4359,2,1081.310749891655,92.467,1399.8508397709882
4360,2,1082.310749891655,92.461,1200.8973741358293
4361,2,1083.310749891655,92.458,600.9742216776676
4375,2,1097.310749891655,92.45,1623.2122891268295
4376,2,1098.310749891655,92.441,1827.6099557240311
4377,2,1099.310749891655,92.434,1422.6455242045545
4378,2,1100.310749891655,92.429,1017.0337307851801
4391,2,1113.310749891655,92.427,411.6043439629843
4392,2,1114.310749891655,92.418,1853.772935073577
4393,2,1115.310749891655,92.408,2061.384246595805
4394,2,1116.310749891655,92.396,2475.584301875823
4395,2,1117.310749891655,92.386,2064.589149865854
4396,2,1118.310749891655,92.378,1652.9885391429377
4397,2,1119.310749891655,92.372,1240.7559662549465
4398,2,1120.310749891655,92.368,827.8648317409491
4399,2,1121.310749891655,92.366,414.2884401400044
4414,2,1136.310749891655,92.359,1469.3350229172017
4415,2,1137.310749891655,92.354,1050.3804027227309
4416,2,1138.310749891655,92.349,1051.2470521852356
4417,2,1139.310749891655,92.347,420.8522765259877
4418,2,1140.310749891655,92.345,421.21254603699737
4431,2,1153.310749891655,92.339,1277.9882551979908
4432,2,1154.310749891655,92.329,2131.6425756110116
4433,2,1155.310749891655,92.319,2133.258193458003
4434,2,1156.310749891655,92.313,1280.9517982440248
4435,2,1157.310749891655,92.308,1068.3193397777645
4436,2,1158.310749891655,92.307,213.84153909226896
4437,2,1159.310749891655,92.303,856.08143015104
4451,2,1173.310749891655,92.293,2165.8847118680296
4452,2,1174.310749891655,92.281,2600.9667882061267
4453,2,1175.310749891655,92.267,3036.617475796242
4454,2,1176.310749891655,92.257,2170.5756481281032
4455,2,1177.310749891655,92.248,1954.9774791789123
4456,2,1178.310749891655,92.241,1521.6976035584182
4457,2,1179.310749891655,92.236,1087.7785460378248
4458,2,1180.310749891655,92.23,1306.3632167371336
4459,2,1181.310749891655,92.227,653.7031109783198
4471,2,1193.310749891655,92.224,660.322083384822
4472,2,1194.310749891655,92.212,2643.2867696043077
4473,2,1195.310749891655,92.199,2865.5698590786624
4474,2,1196.310749891655,92.187,2646.9954471543724
4475,2,1197.310749891655,92.178,1986.67976763405
4476,2,1198.310749891655,92.17,1767.249520967235
4477,2,1199.310749891655,92.164,1326.4424866232202
4478,2,1200.310749891655,92.16,884.9843146531991
4479,2,1201.310749891655,92.154,1328.5103373332333
4480,2,1202.310749891655,92.147,1551.1095146084328
4481,2,1203.310749891655,92.142,1108.7846739360589
4482,2,1204.310749891655,92.135,1553.487404402448
4483,2,1205.310749891655,92.127,1776.7437551744604
4484,2,1206.310749891655,92.12,1555.8139571449676
4485,2,1207.310749891655,92.114,1334.5661321732855
4486,2,1208.310749891655,92.107,1558.1735025916475
4487,2,1209.310749891655,92.1,1559.3445371381588
4488,2,1210.310749891655,92.089,2452.1851938287714
4489,2,1211.310749891655,92.077,2676.9870667746595
4490,2,1212.310749891655,92.065,2678.847913278691
4491,2,1213.310749891655,92.053,2680.7081837827222
4492,2,1214.310749891655,92.042,2459.0339125133805
4493,2,1215.310749891655,92.031,2460.7648523119065
4494,2,1216.310749891655,92.019,2686.343922210811
4495,2,1217.310749891655,92.007,2688.2019367148423
4496,2,1218.310749891655,91.993,3138.368491723146
4497,2,1219.310749891655,91.98,2916.163335665612
4498,2,1220.310749891655,91.966,3142.597936796231
4499,2,1221.310749891655,91.951,3369.29713781748
4500,2,1222.310749891655,91.938,2922.0035193267263
4501,2,1223.310749891655,91.924,3148.8850553511666
4502,2,1224.310749891655,91.912,2700.8686922050897
4503,2,1225.310749891655,91.897,3378.347154402656
4504,2,1226.310749891655,91.882,3380.5524495652053
4505,2,1227.310749891655,91.868,3157.2569040985386
4506,2,1228.310749891655,91.853,3384.997189212799
4507,2,1229.310749891655,91.84,2935.605134535993
4508,2,1230.310749891655,91.827,2937.5772985057392
4509,2,1231.310749891655,91.813,3165.650685540498
4510,2,1232.310749891655,91.799,3167.73857972654
4511,2,1233.310749891655,91.784,3396.2233109605245
4512,2,1234.310749891655,91.769,3398.421616123073
4513,2,1235.310749891655,91.755,3173.928380885893
4514,2,1236.310749891655,91.74,3402.852615770667
4515,2,1237.310749891655,91.726,3178.062356553758
4516,2,1238.310749891655,91.712,3180.1454627398
4517,2,1239.310749891655,91.698,3182.227784929072
4518,2,1240.310749891655,91.686,2729.437758694446
4519,2,1241.310749891655,91.673,2958.871471263182
4520,2,1242.310749891655,91.661,2733.093588247744
4521,2,1243.310749891655,91.65,2507.037905606296
4522,2,1244.310749891655,91.64,2280.697173477581
4523,2,1245.310749891655,91.627,2966.9167476063144
4524,2,1246.310749891655,91.617,2283.789670529387
4525,2,1247.310749891655,91.603,3199.4518583343724
4526,2,1248.310749891655,91.591,2744.196474187926
4527,2,1249.310749891655,91.579,2746.035000691957
4528,2,1250.310749891655,91.566,2976.846109753736
4529,2,1251.310749891655,91.553,2978.8040517235277
4530,2,1252.310749891655,91.54,2980.7613176868067
4531,2,1253.310749891655,91.527,2982.7179076566026
4532,2,1254.310749891655,91.515,2755.098579380124
4533,2,1255.310749891655,91.502,2986.6616976691744
4534,2,1256.310749891655,91.492,2298.9732936546443
4535,2,1257.310749891655,91.481,2530.593118241459
4536,2,1258.310749891655,91.467,3222.8760909955304
4537,2,1259.310749891655,91.455,2764.26769190028
4538,2,1260.310749891655,91.444,2535.605334287776
4539,2,1261.310749891655,91.43,3229.253189058641
4540,2,1262.310749891655,91.417,3000.5265379119196
4541,2,1263.310749891655,91.404,3002.4765498784573
4542,2,1264.310749891655,91.392,2773.3313740464446
4543,2,1265.310749891655,91.38,2775.1605165504757
4544,2,1266.310749891655,91.369,2545.5872555504507
4545,2,1267.310749891655,91.357,2778.8474890165357
4546,2,1268.310749891655,91.346,2548.9659683110044
4547,2,1269.310749891655,91.335,2550.6685281128252
4548,2,1270.310749891655,91.324,2552.3706039080553
4549,2,1271.310749891655,91.314,2321.8965273883086
4550,2,1272.310749891655,91.303,2555.801294341604
4551,2,1273.310749891655,91.291,2789.986836788708
4552,2,1274.310749891655,91.282,2093.8926288598013
4553,2,1275.310749891655,91.27,2793.7263361707624
4554,2,1276.310749891655,91.259,2562.600973535706
4555,2,1277.310749891655,91.248,2564.2996833342318
4556,2,1278.310749891655,91.237,2565.9979091360724
4557,2,1279.310749891655,91.226,2567.6956509312827
4558,2,1280.310749891655,91.215,2569.3929087298084
4559,2,1281.310749891655,91.205,2337.367069953553
4560,2,1282.310749891655,91.194,2572.8141831633575
4561,2,1283.310749891655,91.184,2340.4764794385997
4562,2,1284.310749891655,91.173,2576.233609596906
4563,2,1285.310749891655,91.161,2812.270203249047
4564,2,1286.310749891655,91.152,2110.6005457050555
4565,2,1287.310749891655,91.143,2112.0328183635734
4566,2,1288.310749891655,91.132,2583.095261300501
4567,2,1289.310749891655,91.119,3054.716255221781
4568,2,1290.310749891655,91.104,3526.864436662739
4569,2,1291.310749891655,91.091,3058.514706995861
4570,2,1292.310749891655,91.078,3060.4464409590532
4571,2,1293.310749891655,91.066,2826.8255187392942
4572,2,1294.310749891655,91.055,2592.9328488901806
4573,2,1295.310749891655,91.045,2358.7608755539104
4574,2,1296.310749891655,91.036,2124.3020188592823
4575,2,1297.310749891655,91.023,3070.4322715900576
4576,2,1298.310749891655,91.013,2363.3929566706233
4577,2,1299.310749891655,91.002,2601.4345075591646
4578,2,1300.310749891655,90.993,2129.850494338866
4579,2,1301.310749891655,90.982,2604.86626082585
4580,2,1302.310749891655,90.973,2132.6575724689055
4581,2,1303.310749891655,90.963,2371.1914459240943
4582,2,1304.310749891655,90.954,2135.4866881924427
4583,2,1305.310749891655,90.944,2374.334147835763
4584,2,1306.310749891655,90.934,2375.8918656891597
4585,2,1307.310749891655,90.924,2377.4491835358035
4586,2,1308.310749891655,90.915,2141.1172660460193
4587,2,1309.310749891655,90.904,2618.6332835824137
4588,2,1310.310749891655,90.895,2143.918656176058
4589,2,1311.310749891655,90.885,2383.7006811508822
4590,2,1312.310749891655,90.875,2385.2560190042923
4591,2,1313.310749891655,90.864,2625.4776061191233
4592,2,1314.310749891655,90.855,2149.5171164361363
4593,2,1315.310749891655,90.843,2867.871991605876
4594,2,1316.310749891655,90.834,2152.2904929726774
4595,2,1317.310749891655,90.822,2871.5688189879306
4596,2,1318.310749891655,90.81,2873.369017491962
4597,2,1319.310749891655,90.798,2875.168639995993
4598,2,1320.310749891655,90.785,3116.6978296697466
4599,2,1321.310749891655,90.774,2638.8544428343325
4600,2,1322.310749891655,90.763,2640.531592632858
4601,2,1323.310749891655,90.751,2882.3931294701156
4602,2,1324.310749891655,90.738,3124.5218379333824
4603,2,1325.310749891655,90.727,2645.4726675189418
4604,2,1326.310749891655,90.716,2647.1478153208873
4605,2,1327.310749891655,90.704,2889.6085949442377
4606,2,1328.310749891655,90.692,2891.403081448269
4607,2,1329.310749891655,90.681,2652.1118650400485
4608,2,1330.310749891655,90.67,2653.7850328385744
4609,2,1331.310749891655,90.658,2896.846987876358
4610,2,1332.310749891655,90.647,2657.100605599128
4611,2,1333.310749891655,90.634,3142.1507786656825
4612,2,1334.310749891655,90.622,2902.2219513884515
4613,2,1335.310749891655,90.611,2662.026104485212
4614,2,1336.310749891655,90.6,2663.6962802871785
4615,2,1337.310749891655,90.592,1938.4800751538755
4616,2,1338.310749891655,90.583,2182.216051004668
4617,2,1339.310749891655,90.574,2183.6296576631858
4618,2,1340.310749891655,90.565,2185.042940321703
4619,2,1341.310749891655,90.554,2672.3054788048435
4620,2,1342.310749891655,90.544,2430.8979218400327
4621,2,1343.310749891655,90.535,2189.208305516762
4622,2,1344.310749891655,90.526,2190.620238175279
4623,2,1345.310749891655,90.517,2192.031846833797
4624,2,1346.310749891655,90.507,2437.145571881653
4625,2,1347.310749891655,90.498,2194.829840557334
4626,2,1348.310749891655,90.487,2684.2642317629666
4627,2,1349.310749891655,90.476,2685.9285335580244
4628,2,1350.310749891655,90.463,3176.2103980716774
4629,2,1351.310749891655,90.45,3178.1058620347408
4630,2,1352.310749891655,90.438,2935.4014431169317
4631,2,1353.310749891655,90.426,2937.1823456209627
4632,2,1354.310749891655,90.413,3183.858622096822
4633,2,1355.310749891655,90.402,2695.665645657197
4634,2,1356.310749891655,90.392,2452.1284571603733
4635,2,1357.310749891655,90.379,3189.711480390433
4636,2,1358.310749891655,90.365,3437.091254500298
4637,2,1359.310749891655,90.35,3684.7176325001956
4638,2,1360.310749891655,90.335,3686.8162176627447
4639,2,1361.310749891655,90.324,2705.263426410379
4640,2,1362.310749891655,90.314,2460.8508923905465
4641,2,1363.310749891655,90.306,1969.9295011623537
4642,2,1364.310749891655,90.296,2463.972500517086
4643,2,1365.310749891655,90.286,2465.5054583706096
4644,2,1366.310749891655,90.275,2713.7267884219928
4645,2,1367.310749891655,90.262,3209.0523510927574
4646,2,1368.310749891655,90.251,2716.976662346048
4647,2,1369.310749891655,90.24,2718.6309321480862
4648,2,1370.310749891655,90.231,2225.712162093356
4649,2,1371.310749891655,90.222,2227.1142487518737
4650,2,1372.310749891655,90.213,2228.516011410391
4651,2,1373.310749891655,90.2,3220.9204601604156
4652,2,1374.310749891655,90.189,2727.0159604867154
4653,2,1375.310749891655,90.175,3472.791673307375
4654,2,1376.310749891655,90.162,3226.5967721395186
4655,2,1377.310749891655,90.15,2980.1478712136823
4656,2,1378.310749891655,90.137,3230.389632155618
4657,2,1379.310749891655,90.127,2486.4007301859647
4658,2,1380.310749891655,90.115,2985.479642183773
4659,2,1381.310749891655,90.101,3485.0801734335955
4660,2,1382.310749891655,90.088,3238.003492260259
4661,2,1383.310749891655,90.075,3239.8783902232544
4662,2,1384.310749891655,90.062,3241.752612193334
4663,2,1385.310749891655,90.05,2994.1330774139424
4664,2,1386.310749891655,90.038,2995.8951639179736
4665,2,1387.310749891655,90.025,3247.4433622483903
4666,2,1388.310749891655,90.011,3499.2427983474163
4667,2,1389.310749891655,89.998,3251.149704101964
4668,2,1390.310749891655,89.983,3753.4427861438917
4669,2,1391.310749891655,89.968,3755.5164113064407
4670,2,1392.310749891655,89.955,3256.613451687141
4671,2,1393.310749891655,89.942,3258.4815116536784
4672,2,1394.310749891655,89.928,3511.1254441611127
4673,2,1395.310749891655,89.915,3262.17932550369
4674,2,1396.310749891655,89.901,3515.1061932377615
4675,2,1397.310749891655,89.887,3517.075871420235
4676,2,1398.310749891655,89.873,3519.0447656062775
4677,2,1399.310749891655,89.86,3269.530147134914
4678,2,1400.310749891655,89.847,3271.393371101451
4679,2,1401.310749891655,89.836,2769.7089141995166
4680,2,1402.310749891655,89.824,3023.2697919065313
4681,2,1403.310749891655,89.814,2520.8793648916608
4682,2,1404.310749891655,89.801,3279.0585794409994
4683,2,1405.310749891655,89.789,3028.5570908766226
4684,2,1406.310749891655,89.78,2272.7683354257374
4685,2,1407.310749891655,89.769,2779.4936161541727
4686,2,1408.310749891655,89.759,2528.312123066784
4687,2,1409.310749891655,89.749,2529.825540916806
4688,2,1410.310749891655,89.739,2531.3385587632315
4689,2,1411.310749891655,89.727,3039.387540480784
4690,2,1412.310749891655,89.715,3041.1343869848156
4691,2,1413.310749891655,89.704,2789.3228157854273
4692,2,1414.310749891655,89.694,2537.2451990883233
4693,2,1415.310749891655,89.685,2284.8932430434234
4694,2,1416.310749891655,89.675,2540.294961006972
4695,2,1417.310749891655,89.667,2033.4667560554265
4696,2,1418.310749891655,89.661,1526.056980939482
4697,2,1419.310749891655,89.659,509.02160733995686
4709,2,1431.310749891655,89.658,256.6583497395474
4710,2,1432.310749891655,89.649,2311.4100926774945
4711,2,1433.310749891655,89.64,2312.791659336012
4712,2,1434.310749891655,89.633,1799.9323374585729
4713,2,1435.310749891655,89.628,1286.4762016804698
4714,2,1436.310749891655,89.624,1029.8462981595744
4715,2,1437.310749891655,89.621,772.8922960930183
4726,2,1448.310749891655,89.618,778.7813114995205
4727,2,1449.310749891655,89.609,2337.8005599375733
4728,2,1450.310749891655,89.601,2079.2815159035154
4729,2,1451.310749891655,89.594,1820.4734087891466
4730,2,1452.310749891655,89.589,1301.1469854879986
4731,2,1453.310749891655,89.587,520.7968138439605
4744,2,1466.310749891655,89.581,1576.295786619588
4745,2,1467.310749891655,89.571,2628.7165546472424
4746,2,1468.310749891655,89.566,1315.1439140155107
4747,2,1469.310749891655,89.56,1579.1505443106155
4748,2,1470.310749891655,89.555,1316.7735498330214
4764,2,1486.310749891655,89.554,266.21163210361556
4765,2,1487.310749891655,89.553,266.3877664821166
4766,2,1488.310749891655,89.552,266.56389685682956
4800,2,1522.310749891655,89.549,817.942132849067
4801,2,1523.310749891655,89.539,2728.066755767363
4802,2,1524.310749891655,89.532,1910.7189520583051
4803,2,1525.310749891655,89.526,1638.7145535246618
4804,2,1526.310749891655,89.524,546.5718795349278
4805,2,1527.310749891655,89.523,273.4604078371569
4820,2,1542.310749891655,89.522,276.1430282117457
4821,2,1543.310749891655,89.514,2210.4654673435202
4822,2,1544.310749891655,89.506,2211.7000835636068
4823,2,1545.310749891655,89.499,1936.3284554918735
4824,2,1546.310749891655,89.492,1937.4299520344518
4825,2,1547.310749891655,89.485,1938.5312525848965
4826,2,1548.310749891655,89.482,831.2895899276109
4827,2,1549.310749891655,89.479,831.798603334113
4843,2,1565.310749891655,89.471,2240.8988695436515
4844,2,1566.310749891655,89.462,2522.382132693367
4845,2,1567.310749891655,89.453,2523.738625351885
4846,2,1568.310749891655,89.444,2525.0947940104024
4847,2,1569.310749891655,89.434,2807.1516831926306
4848,2,1570.310749891655,89.424,2808.6264010386617
4849,2,1571.310749891655,89.415,2529.1047887989594
4850,2,1572.310749891655,89.407,2249.310023339753
4851,2,1573.310749891655,89.399,2250.5392155597706
4852,2,1574.310749891655,89.395,1125.9092648658902
4853,2,1575.310749891655,89.391,1126.574030917892
4873,2,1595.310749891655,89.39,285.2112511777418
4874,2,1596.310749891655,89.384,1712.2731480068492
4875,2,1597.310749891655,89.378,1713.230785632857
4876,2,1598.310749891655,89.373,1428.498224268117
4877,2,1599.310749891655,89.368,1429.312013734684
4878,2,1600.310749891655,89.366,572.0598831409369
4896,2,1618.310749891655,89.36,1735.4052425108812
4897,2,1619.310749891655,89.354,1736.361008136889
4898,2,1620.310749891655,89.347,2026.8580592161688
4899,2,1621.310749891655,89.338,2607.3352020996117
4900,2,1622.310749891655,89.327,3188.3516514220655
4901,2,1623.310749891655,89.319,2319.983777799871
4902,2,1624.310749891655,89.311,2321.2050340238843
4903,2,1625.310749891655,89.304,2032.1341571447379
4904,2,1626.310749891655,89.296,2323.672799443909
4905,2,1627.310749891655,89.29,1743.6895054809727
4906,2,1628.310749891655,89.282,2326.165657840064
4907,2,1629.310749891655,89.273,2618.2942285222393
4908,2,1630.310749891655,89.264,2619.637113180757
4909,2,1631.310749891655,89.255,2620.9796738392743
4910,2,1632.310749891655,89.244,3205.024201992757
4911,2,1633.310749891655,89.234,2915.1003601931193
4912,2,1634.310749891655,89.223,3208.1961284263057
4913,2,1635.310749891655,89.213,2917.983089678166
4914,2,1636.310749891655,89.203,2919.4401875240396
4915,2,1637.310749891655,89.195,2336.7437052762275
4916,2,1638.310749891655,89.187,2337.9611854960895
4917,2,1639.310749891655,89.179,2339.178409720103
4918,2,1640.310749891655,89.17,2632.930037391941
4919,2,1641.310749891655,89.163,2048.8990897244635
4920,2,1642.310749891655,89.155,2342.8285463921425
4921,2,1643.310749891655,89.148,2051.050656466988
4922,2,1644.310749891655,89.141,2052.1376350093333
4923,2,1645.310749891655,89.131,2933.1283800483516
4924,2,1646.310749891655,89.123,2347.6918112881954
4925,2,1647.310749891655,89.114,2642.5055351560504
4926,2,1648.310749891655,89.108,1762.59143080321
4927,2,1649.310749891655,89.101,2057.454135993564
4928,2,1650.310749891655,89.093,2352.603790128245
4929,2,1651.310749891655,89.086,2059.602286736088
4930,2,1652.310749891655,89.078,2355.0583395482695
4931,2,1653.310749891655,89.07,2356.272027776468
4932,2,1654.310749891655,89.064,1768.1339467272674
4933,2,1655.310749891655,89.058,1769.0835683490852
4934,2,1656.310749891655,89.051,2065.026959468645
4935,2,1657.310749891655,89.043,2361.256805528327
4936,2,1658.310749891655,89.034,2657.763030676207
4937,2,1659.310749891655,89.026,2363.6549770085535
4938,2,1660.310749891655,89.019,2069.2701922484957
4939,2,1661.310749891655,89.012,2070.353698799208
4940,2,1662.310749891655,89.003,2663.2462332777677
4941,2,1663.310749891655,88.992,3256.6709661953373
4942,2,1664.310749891655,88.981,3258.226147998072
4943,2,1665.310749891655,88.97,3259.7808457923884
4944,2,1666.310749891655,88.96,2964.866717283738
4945,2,1667.310749891655,88.952,2373.0767210764775
4946,2,1668.310749891655,88.944,2374.286473300491
4947,2,1669.310749891655,88.935,2672.4179419199004
4948,2,1670.310749891655,88.924,3267.8777963134953
4949,2,1671.310749891655,88.915,2675.0180920499397
4950,2,1672.310749891655,88.905,2973.702975458862
4951,2,1673.310749891655,88.897,2380.143983616569
4952,2,1674.310749891655,88.886,3274.3038685308134
4953,2,1675.310749891655,88.878,2382.4795211486007
4954,2,1676.310749891655,88.87,2383.687065372614
4955,2,1677.310749891655,88.861,2682.9910520010453
4956,2,1678.310749891655,88.851,2982.559599848984
4957,2,1679.310749891655,88.84,3282.3824710476897
4958,2,1680.310749891655,88.831,2686.882421196104
4959,2,1681.310749891655,88.821,2986.8821733990508
4960,2,1682.310749891655,88.81,3287.135948952759
4961,2,1683.310749891655,88.8,2989.7282228840977
4962,2,1684.310749891655,88.787,3888.452010830435
4963,2,1685.310749891655,88.776,3291.737159516091
4964,2,1686.310749891655,88.768,2395.154846228784
4965,2,1687.310749891655,88.759,2695.8889394642447
4966,2,1688.310749891655,88.752,2097.856106669622
4967,2,1689.310749891655,88.745,2098.9331312118725
4968,2,1690.310749891655,88.738,2100.009959762645
4969,2,1691.310749891655,88.73,2401.228289292847
4970,2,1692.310749891655,88.721,2702.720113911319
4971,2,1693.310749891655,88.711,3004.4751297492985
4972,2,1694.310749891655,88.701,3005.9105875993205
4973,2,1695.310749891655,88.689,3608.7740870795046
4974,2,1696.310749891655,88.676,3911.260030006232
4975,2,1697.310749891655,88.663,3912.992083977045
4976,2,1698.310749891655,88.652,3312.495676786126
4977,2,1699.310749891655,88.645,2108.9788861662923
4978,2,1700.310749891655,88.637,2411.4759228970024
4979,2,1701.310749891655,88.63,2111.1037689088166
4980,2,1702.310749891655,88.624,1810.4483379678409
4981,2,1703.310749891655,88.619,1509.49953621386
4982,2,1704.310749891655,88.618,302.0669243799896
4983,2,1705.310749891655,88.616,604.4780908911863
5002,2,1724.310749891655,88.612,1222.3845823286867
5003,2,1725.310749891655,88.6,3668.9492233177384
5004,2,1726.310749891655,88.588,3670.5785898217696
5005,2,1727.310749891655,88.579,2754.2021726345974
5006,2,1728.310749891655,88.568,3367.8157085203043
5007,2,1729.310749891655,88.559,2756.768626764637
5008,2,1730.310749891655,88.551,2451.642695305129
5009,2,1731.310749891655,88.547,1226.4466847387482
5010,2,1732.310749891655,88.545,613.5567506381959
5022,2,1744.310749891655,88.543,617.793004152187
5023,2,1745.310749891655,88.532,3399.5599114107695
5024,2,1746.310749891655,88.52,3710.253730677948
5025,2,1747.310749891655,88.506,4330.47205934318
5026,2,1748.310749891655,88.492,4332.265085529222
5027,2,1749.310749891655,88.482,3095.8252065148413
5028,2,1750.310749891655,88.469,4026.3500875546365
5029,2,1751.310749891655,88.457,3718.228868824112
5030,2,1752.310749891655,88.446,3409.8793144675783
5031,2,1753.310749891655,88.432,4341.7093834694015
5032,2,1754.310749891655,88.418,4343.497985655444
5033,2,1755.310749891655,88.404,4345.285803845896
5034,2,1756.310749891655,88.39,4347.072838027527
5035,2,1757.310749891655,88.374,4970.068438303236
5036,2,1758.310749891655,88.361,4039.8156549645305
5037,2,1759.310749891655,88.347,4352.379975889074
5038,2,1760.310749891655,88.334,4043.175026818104
5039,2,1761.310749891655,88.32,4355.9962489621585
5040,2,1762.310749891655,88.305,4669.022042989957
5041,2,1763.310749891655,88.29,4670.87792815693
5042,2,1764.310749891655,88.274,4984.220211903587
5043,2,1765.310749891655,88.26,4362.923150897917
5044,2,1766.310749891655,88.245,4676.440183644576
5045,2,1767.310749891655,88.234,3430.825572134508
5046,2,1768.310749891655,88.222,3744.3485001947242
5047,2,1769.310749891655,88.209,4058.096443880946
5048,2,1770.310749891655,88.196,4059.7916818519193
5049,2,1771.310749891655,88.183,4061.4862438140167
5050,2,1772.310749891655,88.168,4688.231595812326
5051,2,1773.310749891655,88.153,4690.078870974876
5052,2,1774.310749891655,88.139,4379.155070081724
5053,2,1775.310749891655,88.127,3755.1230956849718
5054,2,1776.310749891655,88.117,3130.641118036201
5055,2,1777.310749891655,88.105,3758.4150596090294
5056,2,1778.310749891655,88.093,3760.0175701130606
5057,2,1779.310749891655,88.078,4701.94431178762
5058,2,1780.310749891655,88.064,4390.22494550696
5059,2,1781.310749891655,88.049,4705.679701430756
5060,2,1782.310749891655,88.035,4393.70968517805
5061,2,1783.310749891655,88.022,4081.5364290149564
5062,2,1784.310749891655,88.01,3769.1494790992765
5063,2,1785.310749891655,87.997,4084.95345903199
5064,2,1786.310749891655,87.984,4086.637776998527
5065,2,1787.310749891655,87.971,4088.3214189605956
5066,2,1788.310749891655,87.961,3146.210868500996
5067,2,1789.310749891655,87.95,3462.3538765647404
5068,2,1790.310749891655,87.938,3778.7301261234643
5069,2,1791.310749891655,87.929,2835.292028860869
5070,2,1792.310749891655,87.918,3466.897152796815
5071,2,1793.310749891655,87.907,3468.3974885998214
5072,2,1794.310749891655,87.897,3154.470070736656
5073,2,1795.310749891655,87.887,3155.8690485911616
5074,2,1796.310749891655,87.876,3472.9746296639128
5075,2,1797.310749891655,87.867,2842.78304806399
5076,2,1798.310749891655,87.857,3160.0635821412284
5077,2,1799.310749891655,87.845,3793.709968529706
5078,2,1800.310749891655,87.835,3162.7859254112773
5079,2,1801.310749891655,87.824,3480.5808951660333
5080,2,1802.310749891655,87.812,3798.6078104157923
5081,2,1803.310749891655,87.801,3483.5329179265873
5082,2,1804.310749891655,87.792,2851.4190375516364
5083,2,1805.310749891655,87.781,3486.602067196634
5084,2,1806.310749891655,87.77,3488.0962429996657
5085,2,1807.310749891655,87.757,4124.013841948174
5086,2,1808.310749891655,87.744,4125.684483919219
5087,2,1809.310749891655,87.731,4127.354449885756
5088,2,1810.310749891655,87.72,3493.829145170276
5089,2,1811.310749891655,87.708,3813.0554667840634
5090,2,1812.310749891655,87.696,3814.6386572880947
5091,2,1813.310749891655,87.685,3498.2227788928576
5092,2,1814.310749891655,87.675,3181.575331011634
5093,2,1815.310749891655,87.664,3501.2424873264067
5094,2,1816.310749891655,87.654,3184.3196804966806
5095,2,1817.310749891655,87.646,2548.5965956466443
5096,2,1818.310749891655,87.64,1912.3465086331244
5097,2,1819.310749891655,87.635,1594.398458434849
5109,2,1831.310749891655,87.63,1604.8233929019061
5110,2,1832.310749891655,87.621,2890.0286210634713
5111,2,1833.310749891655,87.612,2891.308883721989
5112,2,1834.310749891655,87.604,2571.2047388227047
5113,2,1835.310749891655,87.598,1929.3006840151795
5114,2,1836.310749891655,87.594,1286.827811581648
5115,2,1837.310749891655,87.593,321.87295833823214
5126,2,1848.310749891655,87.586,2266.4966019885114
5127,2,1849.310749891655,87.577,2915.377369949558
5128,2,1850.310749891655,87.569,2592.5962128027536
5129,2,1851.310749891655,87.562,2269.5533205765496
5130,2,1852.310749891655,87.557,1621.8740310499086
5131,2,1853.310749891655,87.553,1298.1329816556972
5145,2,1867.310749891655,87.546,2288.749714963941
5146,2,1868.310749891655,87.535,3598.1628584228247
5147,2,1869.310749891655,87.525,3272.415398757355
5148,2,1870.310749891655,87.518,2291.6936321546323
5149,2,1871.310749891655,87.512,1965.2131233212926
5150,2,1872.310749891655,87.509,983.0810992703992
5162,2,1884.310749891655,87.499,3297.6945571720744
5163,2,1885.310749891655,87.486,4288.714320404323
5164,2,1886.310749891655,87.474,3960.3471456126777
5165,2,1887.310749891655,87.462,3961.903120116709
5166,2,1888.310749891655,87.452,3302.919865067179
5167,2,1889.310749891655,87.441,3634.699474787386
5168,2,1890.310749891655,87.434,2313.9766467127756
5169,2,1891.310749891655,87.422,3968.484389796813
5170,2,1892.310749891655,87.411,3639.2220186924555
5171,2,1893.310749891655,87.399,3971.635826262873
5172,2,1894.310749891655,87.389,3311.0278735223196
5173,2,1895.310749891655,87.379,3312.396691367635
5174,2,1896.310749891655,87.368,3645.1207607277647
5175,2,1897.310749891655,87.359,2983.602738566986
5176,2,1898.310749891655,87.348,3648.129937993102
5177,2,1899.310749891655,87.339,2986.064072697025
5178,2,1900.310749891655,87.326,4314.931102689472
5179,2,1901.310749891655,87.316,3320.487119822764
5180,2,1902.310749891655,87.303,4318.334810861039
5181,2,1903.310749891655,87.291,3987.679644799154
5182,2,1904.310749891655,87.279,3989.2263313031854
5183,2,1905.310749891655,87.266,4323.312042914919
5184,2,1906.310749891655,87.253,4324.936794886183
5185,2,1907.310749891655,87.242,3660.97808232435
5186,2,1908.310749891655,87.229,4328.283502978251
5187,2,1909.310749891655,87.217,3996.859476907347
5188,2,1910.310749891655,87.205,3998.4026594113784
5189,2,1911.310749891655,87.19,4999.845573410516
5190,2,1912.310749891655,87.175,5001.600958573065
5191,2,1913.310749891655,87.163,4002.7532341754877
5192,2,1914.310749891655,87.149,4671.622696090195
5193,2,1915.310749891655,87.136,4339.529142585017
5194,2,1916.310749891655,87.122,4675.054701163275
5195,2,1917.310749891655,87.109,4342.714600438595
5196,2,1918.310749891655,87.096,4344.331214400383
5197,2,1919.310749891655,87.083,4345.947152371669
5198,2,1920.310749891655,87.071,4013.1575800397272
5199,2,1921.310749891655,87.06,3680.157384081776
5200,2,1922.310749891655,87.05,3346.935246638073
5201,2,1923.310749891655,87.038,4017.903861925813
5202,2,1924.310749891655,87.026,4019.4387164298446
5203,2,1925.310749891655,87.014,4020.9729949338757
5204,2,1926.310749891655,87.004,3352.127440743411
5205,2,1927.310749891655,86.992,4024.1323348579335
5206,2,1928.310749891655,86.98,4025.664933361965
5207,2,1929.310749891655,86.967,4362.771621150003
5208,2,1930.310749891655,86.954,4364.38048711654
5209,2,1931.310749891655,86.942,4030.166569958063
5210,2,1932.310749891655,86.931,3695.7433371735774
5211,2,1933.310749891655,86.92,3697.188078972103
5212,2,1934.310749891655,86.908,4034.848428386152
5213,2,1935.310749891655,86.897,3700.033533732657
5214,2,1936.310749891655,86.885,4037.9514568522122
5215,2,1937.310749891655,86.873,4039.4788953562434
5216,2,1938.310749891655,86.859,4714.452444805847
5217,2,1939.310749891655,86.847,4042.4389574483107
5218,2,1940.310749891655,86.835,4043.9646199523418
5219,2,1941.310749891655,86.822,4382.588611618129
5220,2,1942.310749891655,86.81,4046.9676015024074
5221,2,1943.310749891655,86.797,4385.840541635492
5222,2,1944.310749891655,86.785,4049.9681830524723
5223,2,1945.310749891655,86.774,3713.8880728434447
5224,2,1946.310749891655,86.763,3715.32621464197
5225,2,1947.310749891655,86.752,3716.7638724452977
5226,2,1948.310749891655,86.739,4394.186944019854
5227,2,1949.310749891655,86.725,4733.8933588722675
5228,2,1950.310749891655,86.711,4735.5573330535035
5229,2,1951.310749891655,86.698,4398.872995765275
5230,2,1952.310749891655,86.684,4738.937594126584
5231,2,1953.310749891655,86.674,3386.2204497940957
5232,2,1954.310749891655,86.661,4403.755899823882
5233,2,1955.310749891655,86.648,4405.348359790419
5234,2,1956.310749891655,86.634,4745.908151076735
5235,2,1957.310749891655,86.619,5086.649390264876
5236,2,1958.310749891655,86.605,4749.169898747822
5237,2,1959.310749891655,86.591,4750.826984938686
5238,2,1960.310749891655,86.579,4073.6041507050086
5239,2,1961.310749891655,86.567,4075.1173332090398
5240,2,1962.310749891655,86.555,4076.629939708244
5241,2,1963.310749891655,86.544,3738.3184024538127
5242,2,1964.310749891655,86.531,4419.650079484423
5243,2,1965.310749891655,86.523,2720.839092097329
5244,2,1966.310749891655,86.517,2041.502472967589
5245,2,1967.310749891655,86.516,340.40968098279063
5246,2,1968.310749891655,86.514,681.1536181107585
5252,2,1974.310749891655,86.508,2049.595167406601
5253,2,1975.310749891655,86.499,3075.6832821586663
5254,2,1976.310749891655,86.486,4444.3374959070325
5255,2,1977.310749891655,86.473,4445.917969878428
5256,2,1978.310749891655,86.465,2737.0008357165875
5257,2,1979.310749891655,86.455,3422.6241487144007
5258,2,1980.310749891655,86.45,1712.0281510485258
5259,2,1981.310749891655,86.443,2397.8833163688387
5271,2,1993.310749891655,86.432,3790.5295547612295
5272,2,1994.310749891655,86.42,4136.647220883425
5273,2,1995.310749891655,86.414,2069.145228880724
5274,2,1996.310749891655,86.408,2070.038498506732
5275,2,1997.310749891655,86.403,1725.7863399960645
5276,2,1998.310749891655,86.402,345.3180891366763
5287,2,2009.310749891655,86.392,3471.9684171695626
5288,2,2010.310749891655,86.382,3473.294295014649
5289,2,2011.310749891655,86.371,3822.0596257398006
5290,2,2012.310749891655,86.362,3128.3322548494357
5291,2,2013.310749891655,86.355,2434.1309495200567
5292,2,2014.310749891655,86.348,2435.1425660715095
5293,2,2015.310749891655,86.344,1392.11217608286
5294,2,2016.310749891655,86.343,348.1906544632547
5402,2,2124.310749891655,86.337,2200.9558817478296
5403,2,2125.310749891655,86.333,1467.9096287369623
5404,2,2126.310749891655,86.328,1835.6547019335458
5405,2,2127.310749891655,86.325,1101.8597487031736
5406,2,2128.310749891655,86.322,1102.3393981096756
5407,2,2129.310749891655,86.321,367.6105957953003
5408,2,2130.310749891655,86.32,367.7789781738013
5417,2,2139.310749891655,86.315,1846.59955653605
5418,2,2140.310749891655,86.303,4433.47393229774
5419,2,2141.310749891655,86.292,4065.374817651456
5420,2,2142.310749891655,86.282,3697.0713535199166
5421,2,2143.310749891655,86.273,3328.550878028117
5422,2,2144.310749891655,86.263,3699.7079954297014
5423,2,2145.310749891655,86.25,4811.221914150704
5424,2,2146.310749891655,86.239,4072.3649443170793
5425,2,2147.310749891655,86.233,2222.1058779319656
5426,2,2148.310749891655,86.23,1111.5123505757358
5427,2,2149.310749891655,86.227,1111.9910519822377
5447,2,2169.310749891655,86.226,374.10414675285193
5448,2,2170.310749891655,86.212,5239.416631255867
5449,2,2171.310749891655,86.198,5240.9796094472285
5450,2,2172.310749891655,86.187,4119.211674819185
5451,2,2173.310749891655,86.177,3746.0053409398456
5452,2,2174.310749891655,86.171,2248.428654734047
5453,2,2175.310749891655,86.167,1499.554816061145
5454,2,2176.310749891655,86.166,375.0501604628694
5469,2,2191.310749891655,86.164,755.2571630558976
5470,2,2192.310749891655,86.151,4910.984349280523
5471,2,2193.310749891655,86.139,4534.626109186171
5472,2,2194.310749891655,86.125,5292.010458269115
5473,2,2195.310749891655,86.111,5293.561592455158
5474,2,2196.310749891655,86.098,4916.918213067174
5475,2,2197.310749891655,86.088,3783.4614878103807
5476,2,2198.310749891655,86.08,3027.830121497094
5477,2,2199.310749891655,86.076,1514.498165835242
5478,2,2200.310749891655,86.075,378.7856959010241
5499,2,2221.310749891655,86.071,1529.559041405265
5500,2,2222.310749891655,86.06,4207.8142885839525
5501,2,2223.310749891655,86.048,4591.79479850841
5502,2,2224.310749891655,86.034,5358.693794478371
5503,2,2225.310749891655,86.021,4977.385933945916
5504,2,2226.310749891655,86.007,5361.828999551452
5505,2,2227.310749891655,85.994,4980.295791799494
5506,2,2228.310749891655,85.978,6131.312900487931
5507,2,2229.310749891655,85.963,5749.648794707034
5508,2,2230.310749891655,85.947,6134.603536218591
5509,2,2231.310749891655,85.93,6519.686961903607
5510,2,2232.310749891655,85.916,5370.591423766177
5511,2,2233.310749891655,85.9,6139.496316850751
5512,2,2234.310749891655,85.888,4605.933301228827
5513,2,2235.310749891655,85.876,4607.350987732858
5514,2,2236.310749891655,85.864,4608.768098236889
5515,2,2237.310749891655,85.852,4610.18463274092
5516,2,2238.310749891655,85.838,5380.13801708842
5517,2,2239.310749891655,85.825,4997.288416359013
5518,2,2240.310749891655,85.809,6152.2159239525245
5519,2,2241.310749891655,85.796,5000.061706053593
5520,2,2242.310749891655,85.783,5001.534670025596
5521,2,2243.310749891655,85.77,5003.006957992133
5522,2,2244.310749891655,85.759,4234.60816479816
5523,2,2245.310749891655,85.748,4235.951618596686
5524,2,2246.310749891655,85.737,4237.294588400685
5525,2,2247.310749891655,85.727,3853.328904190723
5526,2,2248.310749891655,85.716,4240.028538834238
5527,2,2249.310749891655,85.707,3470.252370108226
5528,2,2250.310749891655,85.699,3085.734115165722
5529,2,2251.310749891655,85.689,3858.476468026284
5530,2,2252.310749891655,85.678,4245.689099041849
5531,2,2253.310749891655,85.668,3860.957837505844
5532,2,2254.310749891655,85.659,3476.0186806203205
5533,2,2255.310749891655,85.65,3477.195263278838
5534,2,2256.310749891655,85.64,3864.8346834913937
5535,2,2257.310749891655,85.63,3866.0961213414157
5536,2,2258.310749891655,85.618,4640.774391569529
5537,2,2259.310749891655,85.608,3868.527424605967
5538,2,2260.310749891655,85.596,4643.6908994935875
5539,2,2261.310749891655,85.584,4645.0940899976185
5540,2,2262.310749891655,85.571,5033.675353172206
5541,2,2263.310749891655,85.559,4647.844423547684
5542,2,2264.310749891655,85.545,5424.056771690835
5543,2,2265.310749891655,85.532,5038.053373071818
5544,2,2266.310749891655,85.52,4651.883836685784
5545,2,2267.310749891655,85.506,5428.767236351951
5546,2,2268.310749891655,85.49,6205.953039817648
5547,2,2269.310749891655,85.476,5431.649743322042
5548,2,2270.310749891655,85.46,6209.245413497752
5549,2,2271.310749891655,85.447,5046.377782309044
5550,2,2272.310749891655,85.433,5436.094453179171
5551,2,2273.310749891655,85.42,5049.225500168138
5552,2,2274.310749891655,85.406,5439.159714252252
5553,2,2275.310749891655,85.395,4274.878865318535
5554,2,2276.310749891655,85.384,4276.206809111537
5555,2,2277.310749891655,85.372,4666.373692902171
5556,2,2278.310749891655,85.36,4667.766611406202
5557,2,2279.310749891655,85.347,5058.225902364847
5558,2,2280.310749891655,85.333,5448.848143079471
5559,2,2281.310749891655,85.32,5061.0628042184235
5560,2,2282.310749891655,85.306,5451.901756152552
5561,2,2283.310749891655,85.294,4674.393767178373
5562,2,2284.310749891655,85.28,5455.01630592663
5563,2,2285.310749891655,85.265,5846.2248276043065
5564,2,2286.310749891655,85.252,5068.113051812618
5565,2,2293.310749891655,85.16,35954.30577896889
5566,2,2294.310749891655,85.148,4688.873702310753
5567,2,2295.310749891655,85.134,5471.901471581067
5568,2,2296.310749891655,85.121,5082.459027398493
5569,2,2297.310749891655,85.107,5474.932600654149
5570,2,2298.310749891655,85.092,5867.55286981237
5571,2,2299.310749891655,85.078,5477.831944325236
5572,2,2300.310749891655,85.064,5479.312602516839
5573,2,2301.310749891655,85.048,6263.689188565636
5574,2,2302.310749891655,85.035,5090.590950561739
5575,2,2303.310749891655,85.021,5483.685380368407
5576,2,2304.310749891655,85.007,5485.1628745544485
5577,2,2305.310749891655,84.992,5878.5078325626955
5578,2,2306.310749891655,84.978,5488.050934231107
5579,2,2307.310749891655,84.964,5489.526048411578
5580,2,2308.310749891655,84.949,5883.180066695335
5581,2,2309.310749891655,84.935,5492.409264082665
5582,2,2310.310749891655,84.921,5493.881998268707
5583,2,2311.310749891655,84.907,5495.353948460327
5584,2,2312.310749891655,84.891,6282.011851358171
5585,2,2313.310749891655,84.877,5498.16595143042
5586,2,2314.310749891655,84.862,5892.431885638118
5587,2,2315.310749891655,84.847,5893.936080800667
5588,2,2316.310749891655,84.832,5895.439375963216
5589,2,2317.310749891655,84.82,4717.636840087607
5590,2,2318.310749891655,84.806,5505.440909654052
5591,2,2319.310749891655,84.793,5113.58619031784
5592,2,2320.310749891655,84.779,5508.436282732725
5593,2,2321.310749891655,84.765,5509.900336913175
5594,2,2322.310749891655,84.75,5904.997601518483
5595,2,2323.310749891655,84.735,5906.494836681031
5596,2,2324.310749891655,84.722,5120.319447679132
5597,2,2325.310749891655,84.707,5909.6261256511225
5598,2,2326.310749891655,84.693,5517.0785744413915
5599,2,2327.310749891655,84.679,5518.537868627433
5600,2,2328.310749891655,84.665,5519.996378813476
5601,2,2329.310749891655,84.65,5915.808744268808
5602,2,2330.310749891655,84.636,5522.845798490169
5603,2,2331.310749891655,84.62,6313.413316535093
5604,2,2332.310749891655,84.606,5525.626665460262
5605,2,2333.310749891655,84.589,6711.336709573
5606,2,2334.310749891655,84.574,5923.185140759056
5607,2,2335.310749891655,84.56,5529.7262772087915
5608,2,2336.310749891655,84.544,6321.271888796966
5609,2,2337.310749891655,84.529,5927.642106246702
5610,2,2338.310749891655,84.513,6324.363612527458
5611,2,2339.310749891655,84.498,5930.538737249303
5612,2,2340.310749891655,84.484,5536.58547593864
5613,2,2341.310749891655,84.468,6329.106141047611
5614,2,2342.310749891655,84.453,5934.98211273695
5615,2,2343.310749891655,84.438,5936.461437899498
5616,2,2344.310749891655,84.424,5542.1100258732
5617,2,2345.310749891655,84.409,5939.487747547093
5618,2,2346.310749891655,84.395,5544.932957549916
5619,2,2347.310749891655,84.381,5546.376067730329
5620,2,2348.310749891655,84.367,5547.818393916372
5621,2,2349.310749891655,84.353,5549.2599361080465
5622,2,2350.310749891655,84.341,4757.7998597068545
5623,2,2351.310749891655,84.326,5948.827953779862
5624,2,2352.310749891655,84.312,5553.6457233615365
5625,2,2353.310749891655,84.3,4761.557185928961
5626,2,2354.310749891655,84.286,5556.653649135615
5627,2,2355.310749891655,84.273,5161.114720984914
5628,2,2356.310749891655,84.259,5559.592686208695
5629,2,2357.310749891655,84.245,5561.028068394738
5630,2,2358.310749891655,84.23,5959.746053820175
5631,2,2359.310749891655,84.216,5563.830420071472
5632,2,2360.310749891655,84.202,5565.263422251866
5633,2,2361.310749891655,84.19,4771.510077549248
5634,2,2362.310749891655,84.178,4772.850436053279
5635,2,2363.310749891655,84.167,4376.367030093898
5636,2,2364.310749891655,84.156,4377.646661892425
5637,2,2365.310749891655,84.147,3582.800056251273
5638,2,2366.310749891655,84.138,3583.9314409097906
5639,2,2367.310749891655,84.126,4779.998112237415
5640,2,2368.310749891655,84.115,4382.916657601682
5641,2,2369.310749891655,84.102,5181.258503385239
5642,2,2370.310749891655,84.092,3986.7204626748103
5643,2,2371.310749891655,84.081,4386.6948701551
5644,2,2372.310749891655,84.071,3989.0879721598567
5645,2,2373.310749891655,84.061,3990.2948300042085
5646,2,2374.310749891655,84.052,3592.372527868959
5647,2,2375.310749891655,84.041,4392.004208700867
5648,2,2376.310749891655,84.032,3594.5430899989974
5649,2,2377.310749891655,84.024,3196.1706830685644
5650,2,2378.310749891655,84.015,3596.840640909531
5651,2,2379.310749891655,84.007,3198.2124065445933
5652,2,2380.310749891655,83.998,3599.1369678200645
5653,2,2381.310749891655,83.987,4400.269349530003
5654,2,2382.310749891655,83.978,3601.303425950103
5655,2,2383.310749891655,83.97,3202.1781905806547
5656,2,2384.310749891655,83.959,4404.344119102384
5657,2,2385.310749891655,83.95,3604.636284332158
5658,2,2386.310749891655,83.942,3205.139875370395
5659,2,2387.310749891655,83.932,4007.674048269472
5660,2,2388.310749891655,83.922,4008.8751261251896
5661,2,2389.310749891655,83.914,3208.098872148749
5662,2,2390.310749891655,83.907,2808.0103825049787
5663,2,2391.310749891655,83.899,3210.2103335687734
5664,2,2392.310749891655,83.891,3211.246565792787
5665,2,2393.310749891655,83.881,4015.305311310282
5666,2,2394.310749891655,83.873,3213.241644296817
5667,2,2395.310749891655,83.865,3214.27707652654
5668,2,2396.310749891655,83.858,2813.4149953248457
5669,2,2397.310749891655,83.849,3618.4121453888556
5670,2,2398.310749891655,83.84,3619.532982047373
5671,2,2399.310749891655,83.831,3620.653494705891
5672,2,2400.310749891655,83.822,3621.7736833644085
5673,2,2401.310749891655,83.814,3220.3690309546355
5674,2,2402.310749891655,83.805,3624.056330269219
5675,2,2403.310749891655,83.798,2819.6146413006527
5676,2,2404.310749891655,83.789,3626.3810307789727
5677,2,2405.310749891655,83.782,2821.422293692678
5678,2,2406.310749891655,83.774,3225.5344320689815
5679,2,2407.310749891655,83.766,3226.5667442929953
5680,2,2408.310749891655,83.757,3631.0269757870356
5681,2,2409.310749891655,83.748,3632.1443744455532
5682,2,2410.310749891655,83.739,3633.261449104071
5683,2,2411.310749891655,83.73,3634.3781997625883
5684,2,2412.310749891655,83.721,3635.4946264211057
5685,2,2413.310749891655,83.709,4848.727426252502
5686,2,2414.310749891655,83.699,4041.74934018069
5687,2,2415.310749891655,83.688,4447.207825411513
5688,2,2416.310749891655,83.677,4448.464335210038
5689,2,2417.310749891655,83.667,4045.224501300761
5690,2,2418.310749891655,83.656,4451.029105643588
5691,2,2419.310749891655,83.647,3642.8215175022506
5692,2,2420.310749891655,83.636,4453.645274919388
5693,2,2421.310749891655,83.626,4049.932786480097
5694,2,2422.310749891655,83.616,4051.1209443358744
5695,2,2423.310749891655,83.606,4052.3087021858964
5696,2,2424.310749891655,83.594,4864.137088582801
5697,2,2425.310749891655,83.585,3649.149232705371
5698,2,2426.310749891655,83.574,4461.376465050778
5699,2,2427.310749891655,83.563,4462.627804849305
5700,2,2428.310749891655,83.553,4058.0957927910144
5701,2,2429.310749891655,83.542,4465.182477282854
5702,2,2430.310749891655,83.532,4060.4173822760613
5703,2,2431.310749891655,83.522,4061.601860120312
5704,2,2432.310749891655,83.511,4469.0377763572
5705,2,2433.310749891655,83.5,4470.286278149952
5706,2,2434.310749891655,83.491,3658.571877916555
5707,2,2435.310749891655,83.48,4472.888983419998
5708,2,2436.310749891655,83.471,3660.7006440465943
5709,2,2437.310749891655,83.461,4068.651581011219
5710,2,2438.310749891655,83.451,4069.833238861241
5711,2,2439.310749891655,83.442,3663.9350008351507
5712,2,2440.310749891655,83.432,4072.244160770497
5713,2,2441.310749891655,83.424,3258.7787718695704
5714,2,2442.310749891655,83.415,3667.254148810704
5715,2,2443.310749891655,83.406,3668.3598834692216
5716,2,2444.310749891655,83.396,4077.1592170363647
5717,2,2445.310749891655,83.386,4078.3381748863867
5718,2,2446.310749891655,83.377,3671.587076257778
5719,2,2447.310749891655,83.368,3672.691478916295
5720,2,2448.310749891655,83.359,3673.795557574813
5721,2,2449.310749891655,83.348,4491.489719002306
5722,2,2450.310749891655,83.339,3675.9145317048524
5723,2,2451.310749891655,83.328,4494.078696272352
5724,2,2452.310749891655,83.319,3678.0320658348915
5725,2,2453.310749891655,83.309,4087.9026363315584
5726,2,2454.310749891655,83.3,3680.1923375584283
5727,2,2455.310749891655,83.291,3681.294058216946
5728,2,2456.310749891655,83.282,3682.3954548754637
5729,2,2457.310749891655,83.272,4092.749346370825
5730,2,2458.310749891655,83.264,3275.177912355656
5731,2,2459.310749891655,83.254,4095.1950745008617
5732,2,2460.310749891655,83.245,3686.753515916036
5733,2,2461.310749891655,83.234,4507.322075647394
5734,2,2462.310749891655,83.224,4098.713228050923
5735,2,2463.310749891655,83.216,3279.9475296997452
5736,2,2464.310749891655,83.206,4101.15523618096
5737,2,2465.310749891655,83.195,4512.531915023992
5738,2,2466.310749891655,83.186,3693.12523989382
5739,2,2467.310749891655,83.176,4104.667509736855
5740,2,2468.310749891655,83.167,3695.2759356231886
5741,2,2469.310749891655,83.159,3285.684638290015
5742,2,2470.310749891655,83.15,3697.514194533722
5743,2,2471.310749891655,83.142,3287.673657771883
5744,2,2472.310749891655,83.134,3288.687537990056
5745,2,2473.310749891655,83.126,3289.7011622140694
5746,2,2474.310749891655,83.118,3290.714530443928
5747,2,2475.310749891655,83.11,3291.727642662096
5748,2,2476.310749891655,83.102,3292.7404988861094
5749,2,2477.310749891655,83.092,4117.141827677044
5750,2,2478.310749891655,83.084,3294.6861373901397
5751,2,2479.310749891655,83.074,4119.573155807084
5752,2,2480.310749891655,83.067,2884.5691580863077
5753,2,2481.310749891655,83.059,3297.681837090181
5754,2,2482.310749891655,83.05,3711.007407183917
5755,2,2483.310749891655,83.041,3712.1000918424347
5756,2,2484.310749891655,83.032,3713.192452500952
5757,2,2485.310749891655,83.023,3714.28448915947
5758,2,2486.310749891655,83.015,3302.5765143222548
5759,2,2487.310749891655,83.004,4542.349277247106
5760,2,2488.310749891655,82.994,4130.546078607263
5761,2,2489.310749891655,82.984,4131.708196457285
5762,2,2490.310749891655,82.972,4959.384129708422
5763,2,2491.310749891655,82.961,4547.2973332777065
5764,2,2492.310749891655,82.951,4135.042611362358
5765,2,2493.310749891655,82.941,4136.203069206503
5766,2,2494.310749891655,82.931,4137.363127062403
5767,2,2495.310749891655,82.921,4138.522784906544
5768,2,2496.310749891655,82.911,4139.682042762448
5769,2,2497.310749891655,82.902,3726.7792863462064
5770,2,2498.310749891655,82.891,4556.22677572287
5771,2,2499.310749891655,82.879,4971.728916114665
5772,2,2500.310749891655,82.869,4144.215061732541
5773,2,2501.310749891655,82.861,3316.337844634514
5774,2,2502.310749891655,82.851,4146.629189862581
5775,2,2503.310749891655,82.841,4147.785647712603
5776,2,2504.310749891655,82.832,3734.070073801343
5777,2,2505.310749891655,82.823,3735.1552704598603
5778,2,2506.310749891655,82.815,3321.122399922591
5779,2,2507.310749891655,82.806,3737.369823370394
5780,2,2508.310749891655,82.797,3738.4540660289117
5781,2,2509.310749891655,82.788,3739.537984687429
5782,2,2510.310749891655,82.78,3325.0170419026495
5783,2,2511.310749891655,82.772,3326.0201381266634
5784,2,2512.310749891655,82.766,2495.2973814934835
5785,2,2513.310749891655,82.759,2912.1103331327945
5786,2,2514.310749891655,82.752,2913.022605679306
5787,2,2515.310749891655,82.747,2081.407068979702
5788,2,2516.310749891655,82.738,3747.705160012527
5789,2,2517.310749891655,82.731,2915.7582473188395
5790,2,2518.310749891655,82.724,2916.6697358594297
5791,2,2519.310749891655,82.717,2917.581028411862
5792,2,2520.310749891655,82.712,2084.662435217237
5793,2,2521.310749891655,82.704,3336.5211120367017
5794,2,2522.310749891655,82.697,2920.3490423959656
5795,2,2523.310749891655,82.688,3755.859735337625
5796,2,2524.310749891655,82.678,4174.35171466797
5797,2,2525.310749891655,82.668,4175.500312512058
5798,2,2526.310749891655,82.659,3759.0063961261817
5799,2,2527.310749891655,82.651,3342.3179205208007
5800,2,2528.310749891655,82.643,3343.316776738877
5801,2,2529.310749891655,82.634,3762.3320352887304
5802,2,2530.310749891655,82.628,2508.985290891663
5803,2,2531.310749891655,82.62,3346.352310382915
5804,2,2532.310749891655,82.61,4184.137052048122
5805,2,2533.310749891655,82.601,3766.777220703295
5806,2,2534.310749891655,82.593,3349.2234401389605
5807,2,2535.310749891655,82.583,4187.724884243183
5808,2,2536.310749891655,82.575,3351.1360866429904
5809,2,2537.310749891655,82.566,3771.1263109308634
5810,2,2538.310749891655,82.559,2933.9699380331135
5811,2,2539.310749891655,82.549,4192.605192927301
5812,2,2540.310749891655,82.54,3774.3962524999147
5813,2,2541.310749891655,82.53,4194.941654848301
5814,2,2542.310749891655,82.522,3356.9077911270792
5815,2,2543.310749891655,82.513,3777.6176064754673
5816,2,2544.310749891655,82.505,3358.8565706090744
5817,2,2545.310749891655,82.498,2939.887367646742
5818,2,2546.310749891655,82.489,3780.973545231514
5819,2,2547.310749891655,82.48,3782.0457638900316
5820,2,2548.310749891655,82.47,4203.438581948436
5821,2,2549.310749891655,82.461,3784.1433416135687
5822,2,2550.310749891655,82.452,3785.2145702720863
5823,2,2551.310749891655,82.443,3786.285474930604
5824,2,2552.310749891655,82.432,4628.934583770435
5825,2,2553.310749891655,82.421,4630.130307568961
5826,2,2554.310749891655,82.409,5052.32449085589
5827,2,2555.310749891655,82.397,5053.566521359921
5828,2,2556.310749891655,82.386,4633.602097297529
5829,2,2557.310749891655,82.374,5056.11022982598
5830,2,2558.310749891655,82.364,4214.509963152682
5831,2,2559.310749891655,82.354,4215.645481008693
5832,2,2560.310749891655,82.344,4216.780598858715
5833,2,2561.310749891655,82.335,3796.1468368328146
5834,2,2562.310749891655,82.325,4219.100880767762
5835,2,2563.310749891655,82.314,4642.230104069708
5836,2,2564.310749891655,82.304,4221.317070252806
5837,2,2565.310749891655,82.294,4222.450188108826
5838,2,2566.310749891655,82.286,3378.907385735476
5839,2,2567.310749891655,82.278,3379.89540995949
5840,2,2568.310749891655,82.269,3803.470460661944
5841,2,2569.310749891655,82.261,3381.829581441525
5842,2,2570.310749891655,82.254,2959.9827111250856
5843,2,2571.310749891655,82.246,3383.8449468615536
5844,2,2572.310749891655,82.24,2538.654636040169
5845,2,2573.310749891655,82.232,3385.900525247566
5846,2,2574.310749891655,82.225,2963.5439609666414
5847,2,2575.310749891655,82.221,1693.9982063027844
5848,2,2576.310749891655,82.213,3389.064654785617
5849,2,2577.310749891655,82.207,2542.568600983212
5850,2,2578.310749891655,82.202,2119.487460392758
5851,2,2579.310749891655,82.196,2544.2011719642264
5852,2,2580.310749891655,82.188,3393.294418479638
5853,2,2581.310749891655,82.18,3394.2790827036515
5854,2,2582.310749891655,82.173,2970.8736307407257
5855,2,2583.310749891655,82.167,2547.247731823264
5856,2,2584.310749891655,82.163,1698.7191421208588
5857,2,2585.310749891655,82.157,2548.909574533277
5858,2,2586.310749891655,82.153,1699.82687725483
5859,2,2587.310749891655,82.148,2125.488717593852
5860,2,2588.310749891655,82.143,2126.1808070503157
5861,2,2589.310749891655,82.14,1276.1392137734008
5862,2,2590.310749891655,82.137,1276.5854371799028
5878,2,2606.310749891655,82.135,856.2877590104083
5879,2,2607.310749891655,82.124,4711.016821135223
5880,2,2608.310749891655,82.115,3855.477143263246
5881,2,2609.310749891655,82.109,2571.0686915413403
5882,2,2610.310749891655,82.106,1285.956539380423
5883,2,2611.310749891655,82.102,1715.1924624688381
5884,2,2612.310749891655,82.1,857.8932995115155
5885,2,2613.310749891655,82.095,2145.46279289035
5886,2,2614.310749891655,82.093,858.4769068044214
5887,2,2615.310749891655,82.091,858.7843603245236
5888,2,2616.310749891655,82.09,429.5485152239086
5890,2,2618.310749891655,82.089,429.8716406085146
5891,2,2619.310749891655,82.087,860.0559233464203
5909,2,2637.310749891655,82.083,1731.8692232409687
5910,2,2638.310749891655,82.079,1732.4414772969728
5911,2,2639.310749891655,82.072,3032.718492334266
5912,2,2640.310749891655,82.062,4333.647646229387
5913,2,2641.310749891655,82.054,3467.850840231829
5914,2,2642.310749891655,82.045,3902.4049657183846
5915,2,2643.310749891655,82.04,2168.638221977889
5916,2,2644.310749891655,82.035,2169.326431446559
5917,2,2645.310749891655,82.032,1302.0245964074718
5918,2,2646.310749891655,82.029,1302.4691638139739
5927,2,2655.310749891655,82.024,2178.0584722578974
5928,2,2656.310749891655,82.014,4357.359027909502
5929,2,2657.310749891655,82.008,2615.1445429124733
5930,2,2658.310749891655,82.002,2615.937276538481
5931,2,2659.310749891655,81.999,1308.3888668789934
5932,2,2660.310749891655,81.997,872.5606434764302
5934,2,2662.310749891655,81.996,436.60032680906687
5941,2,2669.310749891655,81.991,2188.6613097104237
5942,2,2670.310749891655,81.982,3940.729781328009
5943,2,2671.310749891655,81.968,6131.459564224474
5944,2,2672.310749891655,81.954,6132.707318416741
5945,2,2673.310749891655,81.941,5695.849449591472
5946,2,2674.310749891655,81.93,4820.661745848557
5947,2,2675.310749891655,81.919,4821.816901653312
5948,2,2676.310749891655,81.911,3507.6799212360547
5949,2,2677.310749891655,81.905,2631.518026825608
5950,2,2678.310749891655,81.898,3071.007350353714
5951,2,2679.310749891655,81.893,2194.2349351755247
5952,2,2680.310749891655,81.89,1316.9680066485648
5953,2,2681.310749891655,81.889,439.1423933086022
5968,2,2696.310749891655,81.884,2207.914502208022
5969,2,2697.310749891655,81.872,5300.409829911296
5970,2,2698.310749891655,81.86,5301.597788415327
5971,2,2699.310749891655,81.852,3535.276491888142
5972,2,2700.310749891655,81.844,3536.240548118437
5973,2,2701.310749891655,81.839,2210.793237370568
5974,2,2702.310749891655,81.835,1769.1920387132293
6046,2,2774.310749891655,81.831,1816.2413727628377
6047,2,2775.310749891655,81.826,2270.995156979482
6048,2,2776.310749891655,81.821,2271.6746264355324
6050,2,2778.310749891655,81.82,454.6455494251912
6061,2,2789.310749891655,81.81,4564.149180043564
6062,2,2790.310749891655,81.792,8217.007547468254
6063,2,2791.310749891655,81.785,3196.1596697474747
6064,2,2792.310749891655,81.783,913.4653694744276
6080,2,2808.310749891655,81.772,5052.4459116818425
6081,2,2809.310749891655,81.765,3215.98376473752
6082,2,2810.310749891655,81.758,3216.8531132840308
6083,2,2811.310749891655,81.753,2298.4011601255816
6084,2,2812.310749891655,81.75,1379.4637336186581
6100,2,2828.310749891655,81.743,3236.8630660265676
6101,2,2829.310749891655,81.74,1387.632627973665
6102,2,2830.310749891655,81.736,1850.7515205928396
6103,2,2831.310749891655,81.732,1851.314822655419
6112,2,2840.310749891655,81.723,4178.366942612023
6113,2,2841.310749891655,81.71,6036.731217233985
6114,2,2842.310749891655,81.699,5109.050730617493
6115,2,2843.310749891655,81.692,3251.9997071511557
6116,2,2844.310749891655,81.684,3717.5369045923317
6117,2,2845.310749891655,81.679,2324.0925001706387
6118,2,2846.310749891655,81.678,464.96478517227126
6119,2,2847.310749891655,81.677,465.12244754416247
6132,2,2860.310749891655,81.667,4672.145991305416
6133,2,2861.310749891655,81.658,4205.912204034651
6134,2,2862.310749891655,81.653,2337.2341543756547
6135,2,2863.310749891655,81.651,935.1801974050791
6152,2,2880.310749891655,81.648,1411.0555954397255
6153,2,2881.310749891655,81.642,2822.935394098957
6154,2,2882.310749891655,81.639,1411.8797446592314
6155,2,2883.310749891655,81.635,1883.0787175068517
6156,2,2884.310749891655,81.633,941.8312950311187
6167,2,2895.310749891655,81.627,2836.130598163977
6168,2,2896.310749891655,81.621,2836.901623789985
6169,2,2897.310749891655,81.615,2837.672505415993
6170,2,2898.310749891655,81.613,946.170934164425
6171,2,2899.310749891655,81.612,473.239997153325
6604,2,3332.310749891655,81.607,2719.482141430357
6605,2,3333.310749891655,81.603,2176.1185899619277
6606,2,3334.310749891655,81.6,1632.508551943765
6607,2,3335.310749891655,81.596,2177.2374925522
6608,2,3336.310749891655,81.591,2722.212711718109
6609,2,3337.310749891655,81.587,2178.3027741782053
6610,2,3338.310749891655,81.583,2178.8486602419484
6611,2,3339.310749891655,81.578,2724.226406312884
6612,2,3340.310749891655,81.573,2724.875195783133
6613,2,3341.310749891655,81.568,2725.5238852378934
6614,2,3342.310749891655,81.563,2726.1724747003987
6615,2,3343.310749891655,81.557,3272.165097134085
6616,2,3344.310749891655,81.55,3818.363454380776
6617,2,3345.310749891655,81.541,4910.310679595405
6618,2,3346.310749891655,81.536,2728.5315907979257
6619,2,3347.310749891655,81.53,3274.99544845112
6620,2,3348.310749891655,81.526,2183.848630540004
6621,2,3349.310749891655,81.521,2730.47534918544
6622,2,3350.310749891655,81.517,2184.911856166013
6623,2,3351.310749891655,81.514,1639.1026285968214
6624,2,3352.310749891655,81.508,3279.0024184131485
6625,2,3353.310749891655,81.506,1093.2731971631285
6626,2,3354.310749891655,81.502,2187.117946876029
6627,2,3355.310749891655,81.497,2734.5614846054623
6628,2,3356.310749891655,81.494,1641.1453363068345
6629,2,3357.310749891655,81.49,2188.751741044041
6630,2,3358.310749891655,81.487,1641.982233255339
6631,2,3359.310749891655,81.483,2189.8674916342684
6632,2,3360.310749891655,81.479,2190.4118416980527
6633,2,3361.310749891655,81.473,3286.3938558981945
6634,2,3362.310749891655,81.467,3287.129481524202
6635,2,3363.310749891655,81.462,2739.9042858429957
6636,2,3364.310749891655,81.456,3288.640672505217
6637,2,3365.310749891655,81.451,2741.163391668297
6638,2,3366.310749891655,81.446,2741.809611123011
6639,2,3367.310749891655,81.44,3290.9266728412376
6640,2,3368.310749891655,81.435,2743.068066940522
6641,2,3369.310749891655,81.427,4389.861498788406
6642,2,3370.310749891655,81.421,3293.090189990263
6643,2,3371.310749891655,81.417,2195.909999566113
6644,2,3372.310749891655,81.411,3294.6396887002757
6645,2,3373.310749891655,81.405,3295.373778326283
6646,2,3374.310749891655,81.398,3845.4353911050257
6647,2,3375.310749891655,81.392,3296.8010218493
6648,2,3376.310749891655,81.384,4396.658868992476
6649,2,3377.310749891655,81.379,2748.506147920578
6650,2,3378.310749891655,81.373,3298.960986998325
6651,2,3379.310749891655,81.367,3299.694188624333
6652,2,3380.310749891655,81.36,3850.4747917860873
6653,2,3381.310749891655,81.354,3301.1195841473495
6654,2,3382.310749891655,81.348,3301.8523417733577
6655,2,3383.310749891655,81.341,3852.9920981266177
6656,2,3384.310749891655,81.334,3853.7992586653054
6657,2,3385.310749891655,81.328,3303.9685031933836
6658,2,3386.310749891655,81.323,2753.9341489084604
6659,2,3387.310749891655,81.318,2754.578038363138
6660,2,3388.310749891655,81.312,3306.2458635294047
6661,2,3389.310749891655,81.305,3858.1168235008436
6662,2,3390.310749891655,81.302,1653.8647803229599
6663,2,3391.310749891655,81.301,551.4373018672659
6672,2,3400.310749891655,81.287,7739.896138845057
6673,2,3401.310749891655,81.275,6635.086537486899
6674,2,3402.310749891655,81.266,4977.134924383445
6675,2,3403.310749891655,81.256,5531.128696941746
6676,2,3404.310749891655,81.246,5532.073054791767
6677,2,3405.310749891655,81.24,3319.8919350414985
6678,2,3406.310749891655,81.238,1106.9011160392129
6679,2,3407.310749891655,81.236,1107.198813553213
6680,2,3408.310749891655,81.235,553.7516558482912
6692,2,3420.310749891655,81.228,3889.7176175203153
6693,2,3421.310749891655,81.217,6113.523072425248
6694,2,3422.310749891655,81.209,4446.977966892751
6695,2,3423.310749891655,81.202,3891.8832554073565
6696,2,3424.310749891655,81.198,2224.4322631323375
6697,2,3425.310749891655,81.195,1668.7394658215298
6698,2,3426.310749891655,81.192,1669.1649712280318
6699,2,3427.310749891655,81.191,556.5370014944051
6709,2,3437.310749891655,81.174,9487.682318402412
6710,2,3438.310749891655,81.162,6697.939366733195
6711,2,3439.310749891655,81.155,3907.810220933939
6712,2,3440.310749891655,81.15,2791.8981813032865
6713,2,3441.310749891655,81.148,1117.0357041771654
6714,2,3442.310749891655,81.146,1117.3327616832285
6716,2,3444.310749891655,81.143,1676.921241867564
6726,2,3454.310749891655,81.133,5605.51731249705
6727,2,3455.310749891655,81.119,7848.835117077533
6728,2,3456.310749891655,81.108,6167.776164246987
6729,2,3457.310749891655,81.106,1121.6484119712056
6730,2,3458.310749891655,81.105,560.9760450453819
6731,2,3459.310749891655,81.102,1683.373256423091
6776,2,3504.310749891655,81.093,5115.435138708287
6777,2,3505.310749891655,81.085,4547.8742943729885
6778,2,3506.310749891655,81.082,1705.8236861331047
6779,2,3507.310749891655,81.081,568.7560331293137
6794,2,3522.310749891655,81.077,2284.6834663265163
6807,2,3535.310749891655,81.07,4012.680225141643
6808,2,3536.310749891655,81.061,5160.110383708204
6809,2,3537.310749891655,81.053,4587.5807592690935
6810,2,3538.310749891655,81.048,2867.818554338328
6811,2,3539.310749891655,81.046,1147.402073383202
6823,2,3551.310749891655,81.044,1151.2639189053739
6824,2,3552.310749891655,81.035,5181.794766285402
6825,2,3553.310749891655,81.03,2879.3365334033365
6826,2,3554.310749891655,81.028,1152.0089830091988
6865,2,3593.310749891655,81.026,1164.6207605314455
6866,2,3594.310749891655,81.024,1164.9161140371705
6867,2,3595.310749891655,81.021,1747.8063913986462
6868,2,3596.310749891655,81.02,582.7497902259762
6883,2,3611.310749891655,81.019,585.1731825961722
6884,2,3612.310749891655,81.007,7023.45913874361
6885,2,3613.310749891655,80.999,4683.024170781303
6886,2,3614.310749891655,80.993,3512.936561978827
6887,2,3615.310749891655,80.989,2342.461063550341
6888,2,3616.310749891655,80.988,585.7591663379975
6961,2,3689.310749891655,80.987,597.5761087165541
6962,2,3690.310749891655,80.981,3586.2735092308453
6963,2,3691.310749891655,80.977,2391.3492257182374
6964,2,3692.310749891655,80.975,1195.9542211386172
6976,2,3704.310749891655,80.969,3599.3454004828614
6977,2,3705.310749891655,80.959,5999.935591079103
6978,2,3706.310749891655,80.949,6000.813608937651
6979,2,3707.310749891655,80.944,3000.938296158319
6980,2,3708.310749891655,80.941,1800.9596572387002
6981,2,3709.310749891655,80.937,2401.823222286781
6982,2,3710.310749891655,80.934,1801.7751341872045
6999,2,3727.310749891655,80.924,6032.950633554148
7000,2,3728.310749891655,80.916,4827.1184941056235
7001,2,3729.310749891655,80.909,4224.469984702962
7002,2,3730.310749891655,80.9,5432.380669163175
7003,2,3731.310749891655,80.894,3622.2221488079604
7004,2,3732.310749891655,80.888,3622.924186433968
7005,2,3733.310749891655,80.88,4831.441707113691
7006,2,3734.310749891655,80.874,3624.2382062279858
7007,2,3735.310749891655,80.869,3020.8018330958826
7008,2,3736.310749891655,80.866,1812.8766574012493
7009,2,3737.310749891655,80.865,604.4390048936134
7076,2,3804.310749891655,80.862,1845.779293943253
7077,2,3805.310749891655,80.857,3076.9552458058442
7078,2,3806.310749891655,80.851,3693.0653924610187
7079,2,3807.310749891655,80.846,3078.1536316233555
7080,2,3808.310749891655,80.843,1847.2858705177655
7099,2,3827.310749891655,80.84,1856.4332519242678
7118,2,3846.310749891655,80.836,2487.424547200973
7119,2,3847.310749891655,80.833,1865.9726448727727
7120,2,3848.310749891655,80.827,3732.7074949650514
7121,2,3849.310749891655,80.824,1866.7347960922787
7137,2,3865.310749891655,80.82,2499.217163425001
7138,2,3866.310749891655,80.817,1874.8166120407832
7139,2,3867.310749891655,80.814,1875.2319114472853
7140,2,3868.310749891655,80.813,625.2234615668389
7141,2,3869.310749891655,80.812,625.3773499542249
7304,2,4032.310749891655,80.809,1955.1182871247916
7305,2,4033.310749891655,80.805,2607.3579341258833
7306,2,4034.310749891655,80.801,2607.8752921911505
7307,2,4035.310749891655,80.797,2608.3925862471547
7308,2,4036.310749891655,80.793,2608.90981629389
7309,2,4037.310749891655,80.787,3914.0920258051106
7310,2,4038.310749891655,80.784,1957.4217185123082
7311,2,4039.310749891655,80.777,4568.165588445984
7312,2,4040.310749891655,80.772,3263.540806668267
7313,2,4041.310749891655,80.766,3916.9515354961377
7314,2,4042.310749891655,80.76,3917.629717122146
7315,2,4043.310749891655,80.755,3265.276678850064
7316,2,4044.310749891655,80.748,4572.178233272249
7317,2,4045.310749891655,80.74,5226.153139034416
7318,2,4046.310749891655,80.734,3920.243892168179
7319,2,4047.310749891655,80.728,3920.921329794187
7320,2,4048.310749891655,80.718,6535.835773264137
7321,2,4049.310749891655,80.712,3922.081406130208
7322,2,4050.310749891655,80.701,7191.500899801345
7323,2,4051.310749891655,80.692,5884.678762715597
7324,2,4052.310749891655,80.681,7193.268969062101
7325,2,4053.310749891655,80.672,5886.124644845637
7326,2,4054.310749891655,80.663,5886.920023504154
7327,2,4055.310749891655,80.654,5887.715078162672
7328,2,4056.310749891655,80.647,4580.008861871892
7329,2,4057.310749891655,80.639,5235.099372862602
7330,2,4058.310749891655,80.631,5235.870197077315
7331,2,4059.310749891655,80.624,4582.089084819726
7332,2,4060.310749891655,80.617,4582.819959356933
7333,2,4061.310749891655,80.608,5893.063430861763
7334,2,4062.310749891655,80.599,5893.85636152028
7335,2,4063.310749891655,80.59,5894.648968178798
7336,2,4064.310749891655,80.582,5240.424737458708
7337,2,4065.310749891655,80.573,5896.30638508933
7338,2,4066.310749891655,80.564,5897.098037747848
7339,2,4067.310749891655,80.555,5897.889366397053
7340,2,4068.310749891655,80.546,5898.680371064884
7341,2,4069.310749891655,80.538,5244.006822690788
7342,2,4070.310749891655,80.529,5900.334673975416
7343,2,4071.310749891655,80.521,5245.476770157501
7344,2,4072.310749891655,80.513,5246.243914381515
7345,2,4073.310749891655,80.506,4591.162965460912
7346,2,4074.310749891655,80.498,5247.84262380154
7347,2,4075.310749891655,80.491,4592.561416203435
7348,2,4076.310749891655,80.484,4593.288860749946
7349,2,4077.310749891655,80.477,4594.016109287131
7350,2,4078.310749891655,80.47,4594.743161842969
7351,2,4079.310749891655,80.463,4595.47001838948
7352,2,4080.310749891655,80.455,5252.763562005612
7353,2,4081.310749891655,80.448,4596.866005132004
7354,2,4082.310749891655,80.441,4597.592259669182
7355,2,4083.310749891655,80.434,4598.318318225026
7356,2,4084.310749891655,80.426,5256.01781781766
7357,2,4085.310749891655,80.42,3942.6353572625885
7358,2,4086.310749891655,80.412,5257.676244209684
7359,2,4087.310749891655,80.404,5258.439724443038
7360,2,4088.310749891655,80.397,4601.831198247242
7361,2,4089.310749891655,80.39,4602.5560528030965
7362,2,4090.310749891655,80.386,2630.495204501538
7363,2,4091.310749891655,80.379,4604.177008938267
7364,2,4092.310749891655,80.372,4604.901317494125
7365,2,4093.310749891655,80.364,5263.539173553763
7366,2,4094.310749891655,80.356,5264.300989787128
7367,2,4095.310749891655,80.35,3948.8460562326795
7368,2,4096.310749891655,80.345,3291.283279766204
7369,2,4097.310749891655,80.339,3950.233683213694
7370,2,4098.310749891655,80.333,3950.902708839702
7371,2,4099.310749891655,80.33,1975.822689029604
7372,2,4100.310749891655,80.325,3293.6771176162238
7373,2,4101.310749891655,80.319,3953.1057846337203
7374,2,4102.310749891655,80.312,4612.707946464221
7375,2,4103.310749891655,80.305,4613.430239001367
7376,2,4104.310749891655,80.298,4614.152335557244
7377,2,4105.310749891655,80.29,5274.109141625886
7378,2,4106.310749891655,80.284,3956.200454118766
7379,2,4107.310749891655,80.277,4616.3174491967775
7380,2,4108.310749891655,80.268,5936.118744072427
7381,2,4109.310749891655,80.261,4617.644817588803
7382,2,4110.310749891655,80.253,5278.099357661948
7383,2,4111.310749891655,80.246,4619.028848331326
7384,2,4112.310749891655,80.237,5939.603694673987
7385,2,4113.310749891655,80.229,5280.372182333988
7386,2,4114.310749891655,80.22,5941.233409584521
7387,2,4115.310749891655,80.213,4621.621546764878
7388,2,4116.310749891655,80.207,3962.031422985866
7389,2,4117.310749891655,80.2,4623.118258199013
7390,2,4118.310749891655,80.193,4623.83751275491
7391,2,4119.310749891655,80.187,3963.930348405892
7392,2,4120.310749891655,80.179,5286.062029734072
7393,2,4121.310749891655,80.172,4625.994100394443
7394,2,4122.310749891655,80.164,5287.638531154097
7395,2,4123.310749891655,80.156,5288.393435378111
7396,2,4124.310749891655,80.147,5950.254475259164
7397,2,4125.310749891655,80.138,5951.028901917682
7398,2,4126.310749891655,80.131,4629.237883024008
7399,2,4127.310749891655,80.123,5291.344455302166
7400,2,4128.310749891655,80.116,4630.614703766531
7401,2,4129.310749891655,80.107,5954.4950065192415
7402,2,4130.310749891655,80.097,6616.923033759812
7403,2,4131.310749891655,80.088,5955.966112242779
7404,2,4132.310749891655,80.077,7280.367063817507
7405,2,4133.310749891655,80.069,5295.4654668142575
7406,2,4134.310749891655,80.06,5958.207414624833
7407,2,4135.310749891655,80.051,5958.978655283351
7408,2,4136.310749891655,80.042,5959.749571941868
7409,2,4137.310749891655,80.032,6622.758809784957
7410,2,4138.310749891655,80.021,7285.839554973639
7411,2,4139.310749891655,80.011,6624.221779270002
7412,2,4140.310749891655,80.002,5962.531896201946
7413,2,4141.310749891655,79.992,6625.848721175628
7414,2,4142.310749891655,79.982,6626.620199035066
7415,2,4143.310749891655,79.971,7290.084828148756
7416,2,4144.310749891655,79.958,8616.341160955959
7417,2,4145.310749891655,79.947,7291.415070072812
7418,2,4146.310749891655,79.938,5966.396048218072
7419,2,4147.310749891655,79.928,6630.139803425185
7420,2,4148.310749891655,79.919,5967.855255941608
7421,2,4149.310749891655,79.909,6631.760385330803
7422,2,4150.310749891655,79.898,7295.735810093854
7423,2,4151.310749891655,79.888,6633.213394815847
7424,2,4152.310749891655,79.878,6633.980792675296
7425,2,4153.310749891655,79.87,5307.864685386596
7426,2,4154.310749891655,79.863,4645.063633090425
7427,2,4155.310749891655,79.856,4645.774543636937
7428,2,4156.310749891655,79.847,5973.977661209749
7429,2,4157.310749891655,79.837,6638.560097850953
7430,2,4158.310749891655,79.827,6639.325275710409
7431,2,4159.310749891655,79.82,4648.150383018993
7432,2,4160.310749891655,79.814,3984.7622774893775
7433,2,4161.310749891655,79.807,4649.628082453074
7434,2,4162.310749891655,79.799,5314.6381563747145
7435,2,4163.310749891655,79.792,4650.988481205038
7436,2,4164.310749891655,79.784,5316.19241779474
7437,2,4165.310749891655,79.776,5316.935866028198
7438,2,4166.310749891655,79.768,5317.679058242767
7439,2,4167.310749891655,79.76,5318.42199446678
7440,2,4168.310749891655,79.754,3989.4235257494565
7441,2,4169.310749891655,79.747,4655.064637432609
7442,2,4170.310749891655,79.738,5985.918089518463
7443,2,4171.310749891655,79.73,5321.52466130683
7444,2,4172.310749891655,79.721,5987.512092428996
7445,2,4173.310749891655,79.713,5322.941008792314
7446,2,4174.310749891655,79.703,6654.519225041228
7447,2,4175.310749891655,79.692,7320.760226775366
7448,2,4176.310749891655,79.683,5990.395731866611
7449,2,4177.310749891655,79.671,7988.054126859121
7450,2,4178.310749891655,79.658,8654.43895510682
7451,2,4179.310749891655,79.648,6657.892783225806
7452,2,4180.310749891655,79.638,6658.649781066366
7453,2,4181.310749891655,79.633,3329.8077222364045
7454,2,4182.310749891655,79.63,1998.2620708800596
7455,2,4183.310749891655,79.626,2664.869347132771
7568,2,4296.310749891655,79.623,2052.5495718285665
7569,2,4297.310749891655,79.615,5474.361353536669
7570,2,4298.310749891655,79.609,4106.365385044649
7571,2,4299.310749891655,79.601,5475.946115918969
7572,2,4300.310749891655,79.594,4792.115788806439
7573,2,4301.310749891655,79.588,4108.1474867356765
7574,2,4302.310749891655,79.581,4793.561498240228
7575,2,4303.310749891655,79.574,4794.25395679647
7576,2,4304.310749891655,79.566,5479.904101899027
7577,2,4305.310749891655,79.558,5480.626142123041
7578,2,4306.310749891655,79.549,6166.477660347338
7579,2,4307.310749891655,79.54,6167.211839005856
7580,2,4308.310749891655,79.532,5482.652860860823
7581,2,4309.310749891655,79.523,6168.7567919163885
7582,2,4310.310749891655,79.512,7540.392971196252
7583,2,4311.310749891655,79.5,8226.601739541575
7584,2,4312.310749891655,79.488,8227.267938045605
7585,2,4313.310749891655,79.477,7542.319876918835
7586,2,4314.310749891655,79.468,6171.643099273996
7587,2,4315.310749891655,79.46,5486.589654876953
7588,2,4316.310749891655,79.452,5487.3085910912205
7589,2,4317.310749891655,79.441,7545.895026804919
7590,2,4318.310749891655,79.432,6174.566853908066
7591,2,4319.310749891655,79.421,7547.490176074966
7592,2,4320.310749891655,79.409,8234.339476863812
7593,2,4321.310749891655,79.399,6862.587175691451
7594,2,4322.310749891655,79.388,7549.594327470544
7595,2,4323.310749891655,79.378,6863.947545176497
7596,2,4324.310749891655,79.367,7551.089809904093
7597,2,4325.310749891655,79.356,7551.789279712375
7598,2,4326.310749891655,79.346,6865.94168628681
7599,2,4327.310749891655,79.334,8239.892037514006
7600,2,4328.310749891655,79.326,5493.838268629194
7601,2,4329.310749891655,79.319,4807.764527409607
7602,2,4330.310749891655,79.312,4808.450671965878
7603,2,4331.310749891655,79.305,4809.136620502626
7604,2,4332.310749891655,79.297,5496.905196441248
7605,2,4333.310749891655,79.286,7559.083605147783
7606,2,4334.310749891655,79.278,5498.125197963516
7607,2,4335.310749891655,79.271,4811.514288595443
7608,2,4336.310749891655,79.262,6187.035169013398
7609,2,4337.310749891655,79.254,5500.265206635557
7610,2,4338.310749891655,79.245,6188.561239923932
7611,2,4339.310749891655,79.236,6189.28476258245
7612,2,4340.310749891655,79.227,6190.007961240967
7613,2,4341.310749891655,79.218,6190.730835899484
7614,2,4342.310749891655,79.211,4815.635648565537
7615,2,4343.310749891655,79.202,6192.3319724035155
7616,2,4344.310749891655,79.195,4816.880528957561
7617,2,4345.310749891655,79.186,6193.931956897767
7618,2,4346.310749891655,79.177,6194.653283566065
7619,2,4347.310749891655,79.171,4130.32777574322
7620,2,4348.310749891655,79.162,6196.329773663594
7621,2,4349.310749891655,79.154,5508.52384544551
7622,2,4350.310749891655,79.145,6197.848572574127
7623,2,4351.310749891655,79.136,6198.568351232644
7624,2,4352.310749891655,79.128,5510.512868163769
7625,2,4353.310749891655,79.122,4133.468557022284
7626,2,4354.310749891655,79.116,4134.104546648291
7627,2,4355.310749891655,79.109,4823.833303814697
7628,2,4356.310749891655,79.102,4824.5139603514135
7629,2,4357.310749891655,79.098,2757.3062425348094
7630,2,4358.310749891655,79.094,2757.799576590813
7631,2,4359.310749891655,79.089,3447.8442617474225
7656,2,4384.310749891655,79.085,2773.9358742168406
7657,2,4385.310749891655,79.075,6935.807482022334
7658,2,4386.310749891655,79.064,7630.114752455142
7659,2,4387.310749891655,79.055,6243.454696149446
7660,2,4388.310749891655,79.048,4856.635661434313
7661,2,4389.310749891655,79.038,6938.885792077272
7662,2,4390.310749891655,79.027,7633.499155494871
7663,2,4391.310749891655,79.014,9022.092848910781
7664,2,4392.310749891655,79.0,9716.6522716644
7665,2,4393.310749891655,78.988,8329.08454504691
7666,2,4394.310749891655,78.979,6247.404776053452
7667,2,4395.310749891655,78.968,7636.487617141511
7668,2,4396.310749891655,78.962,4165.856140382492
7669,2,4397.310749891655,78.953,6249.6119436225035
7670,2,4398.310749891655,78.946,4861.422083683471
7671,2,4399.310749891655,78.936,6945.719798137626
7672,2,4400.310749891655,78.925,7641.012008181983
7673,2,4401.310749891655,78.915,6947.0288876226705
7674,2,4402.310749891655,78.905,6947.726825482565
7675,2,4403.310749891655,78.897,5558.809943632144
7676,2,4404.310749891655,78.888,6254.407545045131
7677,2,4405.310749891655,78.879,6255.113949703648
7678,2,4406.310749891655,78.868,7645.9053205016235
7679,2,4407.310749891655,78.857,7646.573968290271
7680,2,4408.310749891655,78.846,7647.242132088797
7681,2,4409.310749891655,78.836,6952.689376647717
7682,2,4410.310749891655,78.827,6258.085413841749
7683,2,4411.310749891655,78.818,6258.789748500267
7684,2,4412.310749891655,78.808,6954.948942617895
7685,2,4413.310749891655,78.799,6260.1180062238045
7686,2,4414.310749891655,78.787,8347.602885989434
7687,2,4415.310749891655,78.777,6956.940229962847
7688,2,4416.310749891655,78.767,6957.632607812869
7689,2,4417.310749891655,78.757,6958.324585653002
7690,2,4418.310749891655,78.747,6959.016163512913
7691,2,4419.310749891655,78.737,6959.707341362934
7692,2,4420.310749891655,78.725,8352.371655593593
7693,2,4421.310749891655,78.713,8352.987862097625
7694,2,4422.310749891655,78.703,6961.424690043116
7695,2,4423.310749891655,78.691,8354.430866021683
7696,2,4424.310749891655,78.682,6266.403500784532
7697,2,4425.310749891655,78.672,6963.403477388078
7698,2,4426.310749891655,78.662,6964.0917552282035
7699,2,4427.310749891655,78.652,6964.779633088122
7700,2,4428.310749891655,78.641,7661.96511060678
7701,2,4429.310749891655,78.63,7662.623440415206
7702,2,4430.310749891655,78.618,8359.890057587872
7703,2,4431.310749891655,78.607,7663.8411591658605
7704,2,4432.310749891655,78.597,6967.769791263242
7705,2,4433.310749891655,78.586,7665.25191959941
7706,2,4434.310749891655,78.576,6969.051460748288
7707,2,4435.310749891655,78.566,6969.736018588405
7708,2,4436.310749891655,78.555,7667.413394667983
7709,2,4437.310749891655,78.544,7668.067896476416
7710,2,4438.310749891655,78.534,6971.609759708474
7711,2,4439.310749891655,78.526,5577.905171030684
7712,2,4440.310749891655,78.516,6973.152807838511
7713,2,4441.310749891655,78.507,6276.491440922375
7714,2,4442.310749891655,78.496,7672.017261324533
7715,2,4443.310749891655,78.486,6975.198081388574
7716,2,4444.310749891655,78.477,6278.331134117433
7717,2,4445.310749891655,78.467,6976.648503313529
7718,2,4446.310749891655,78.458,6279.63582984097
7719,2,4447.310749891655,78.447,7675.8582253262375
7720,2,4448.310749891655,78.437,6978.687836863594
7721,2,4449.310749891655,78.43,4885.650205816353
7722,2,4450.310749891655,78.42,6980.3124112086325
7723,2,4451.310749891655,78.41,6980.9906490586545
7724,2,4452.310749891655,78.402,5585.406026492986
7725,2,4453.310749891655,78.394,5586.090498717
7726,2,4454.310749891655,78.385,6285.081465515613
7727,2,4455.310749891655,78.377,5587.387390202954
7728,2,4456.310749891655,78.371,4191.106784544261
7729,2,4457.310749891655,78.363,5588.897144585052
7730,2,4458.310749891655,78.353,6986.886274803781
7731,2,4459.310749891655,78.344,6288.845549182192
7732,2,4460.310749891655,78.334,6988.3256767088915
7733,2,4461.310749891655,78.326,5591.271536631047
7734,2,4462.310749891655,78.317,6290.907685157745
7735,2,4463.310749891655,78.307,6990.615828903948
7736,2,4464.310749891655,78.297,6991.289206763904
7737,2,4465.310749891655,78.287,6991.96218460399
7738,2,4466.310749891655,78.277,6992.634762463948
7739,2,4467.310749891655,78.267,6993.306940313971
7740,2,4468.310749891655,78.257,6993.978718154053
7741,2,4469.310749891655,78.249,5595.791585787186
7742,2,4470.310749891655,78.24,6295.9901304583955
7743,2,4471.310749891655,78.233,4897.475848768136
7744,2,4472.310749891655,78.227,4198.4264395684495
7745,2,4473.310749891655,78.221,4199.043121194457
7746,2,4474.310749891655,78.215,4199.659658820465
7747,2,4475.310749891655,78.209,4200.276052446473
7748,2,4476.310749891655,78.202,4901.0096849126285
7749,2,4477.310749891655,78.197,3501.2346198583405
7750,2,4478.310749891655,78.192,3501.792699330798
7751,2,4479.310749891655,78.186,4202.793938669549
7752,2,4480.310749891655,78.179,4903.946532851165
7753,2,4481.310749891655,78.173,4203.97139020252
7754,2,4482.310749891655,78.167,4204.586775828528
7755,2,4483.310749891655,78.159,5606.864290297396
7756,2,4484.310749891655,78.151,5607.540906531371
7757,2,4485.310749891655,78.144,4907.221505573758
7758,2,4486.310749891655,78.137,4907.875912130232
7759,2,4487.310749891655,78.131,4207.338457584575
7760,2,4488.310749891655,78.128,2104.01684840204
7761,2,4489.310749891655,78.126,1402.9455238238718
7775,2,4503.310749891655,78.125,703.6468079846809
7779,2,4507.310749891655,78.122,2112.7613482150446
7780,2,4508.310749891655,78.117,3521.8698162584087
7781,2,4509.310749891655,78.111,4226.883599004602
7782,2,4510.310749891655,78.105,4227.4962246306095
7783,2,4511.310749891655,78.099,4228.108706256617
7784,2,4512.310749891655,78.096,2114.4011327380613
7785,2,4513.310749891655,78.091,3524.6023304734517
7786,2,4514.310749891655,78.086,3525.157549925939
7787,2,4515.310749891655,78.077,6346.120253718215
7788,2,4516.310749891655,78.069,5641.6308668175325
7789,2,4517.310749891655,78.061,5642.301819041546
7790,2,4518.310749891655,78.053,5642.972515275584
7791,2,4519.310749891655,78.046,4938.2192212248665
7792,2,4520.310749891655,78.039,4938.868923781402
7793,2,4521.310749891655,78.031,5645.127749881596
7794,2,4522.310749891655,78.021,7057.156371424537
7795,2,4523.310749891655,78.01,7763.543695776744
7796,2,4524.310749891655,77.997,9175.713913062209
7797,2,4525.310749891655,77.985,8470.404256675523
7798,2,4526.310749891655,77.972,9176.827993074778
7799,2,4527.310749891655,77.961,7765.52861878836
7800,2,4528.310749891655,77.95,7766.148030586886
7801,2,4529.310749891655,77.939,7766.766958395446
7802,2,4530.310749891655,77.928,7767.385402183938
7803,2,4531.310749891655,77.916,8474.131110073702
7804,2,4532.310749891655,77.905,7768.521126944493
7805,2,4533.310749891655,77.894,7769.138096743019
7806,2,4534.310749891655,77.88,9888.588118557784
7807,2,4535.310749891655,77.867,9182.69356371754
7808,2,4536.310749891655,77.854,9183.185001694113
7809,2,4537.310749891655,77.843,7770.902390081639
7810,2,4538.310749891655,77.83,9184.401841786183
7811,2,4539.310749891655,77.819,7771.930968005697
7812,2,4540.310749891655,77.807,8479.084809151986
7813,2,4541.310749891655,77.794,9186.222421924283
7814,2,4542.310749891655,77.783,7773.469874891782
7815,2,4543.310749891655,77.771,8480.76192466408
7816,2,4544.310749891655,77.761,7067.857395525105
7817,2,4545.310749891655,77.75,7775.304020287359
7818,2,4546.310749891655,77.739,7775.914434085886
7819,2,4547.310749891655,77.726,9190.319654518478
7820,2,4548.310749891655,77.714,8483.873075558227
7821,2,4549.310749891655,77.703,7777.442516971971
7822,2,4550.310749891655,77.692,7778.050928780544
7823,2,4551.310749891655,77.683,6364.4391698699355
7824,2,4552.310749891655,77.673,7072.287888605299
7825,2,4553.310749891655,77.661,8487.407664284367
7826,2,4554.310749891655,77.649,8487.960030788397
7827,2,4555.310749891655,77.637,8488.511821292428
7828,2,4556.310749891655,77.626,7781.691235561652
7829,2,4557.310749891655,77.614,8489.72304975849
7830,2,4558.310749891655,77.606,5660.327956792379
7831,2,4559.310749891655,77.597,6368.568356839152
7832,2,4560.310749891655,77.587,7076.87263410543
7833,2,4561.310749891655,77.576,7785.213258746828
7834,2,4562.310749891655,77.566,7078.060143590474
7835,2,4563.310749891655,77.555,7786.518595170321
7836,2,4564.310749891655,77.545,7079.245973085579
7837,2,4565.310749891655,77.533,8495.7511256607
7838,2,4566.310749891655,77.524,6372.346013513795
7839,2,4567.310749891655,77.514,7081.067240420647
7840,2,4568.310749891655,77.506,5665.436259582495
7841,2,4569.310749891655,77.497,6374.311867489348
7842,2,4570.310749891655,77.488,6374.966504147865
7843,2,4571.310749891655,77.48,5667.255074310539
7844,2,4572.310749891655,77.471,6376.3571070583985
7845,2,4573.310749891655,77.461,7085.521811025764
7846,2,4574.310749891655,77.451,7086.156268875786
7847,2,4575.310749891655,77.441,7086.790326715737
7848,2,4576.310749891655,77.433,5670.01240862662
7849,2,4577.310749891655,77.425,5670.665504860706
7850,2,4578.310749891655,77.415,7089.056365125792
7851,2,4579.310749891655,77.407,5671.824391364738
7852,2,4580.310749891655,77.398,6381.49505073304
7853,2,4581.310749891655,77.389,6382.146123391558
7854,2,4582.310749891655,77.383,4255.280396293549
7855,2,4583.310749891655,77.377,4255.879029919556
7856,2,4584.310749891655,77.372,3547.0875211716925
7857,2,4585.310749891655,77.367,3547.6320006341975
7858,2,4586.310749891655,77.364,2128.933345924538
7859,2,4587.310749891655,77.361,2129.31496733104
7860,2,4588.310749891655,77.356,3549.448371461796
7861,2,4589.310749891655,77.349,4969.925236927382
7862,2,4590.310749891655,77.342,4970.558321483983
7863,2,4591.310749891655,77.335,4971.191210030493
7864,2,4592.310749891655,77.328,4971.823902566911
7865,2,4593.310749891655,77.321,4972.456399123515
7866,2,4594.310749891655,77.315,4262.675022721637
7867,2,4595.310749891655,77.309,4263.271976347645
7868,2,4596.310749891655,77.301,5685.084840322839
7869,2,4597.310749891655,77.294,4975.048787660058
7870,2,4598.310749891655,77.287,4975.680318196468
7871,2,4599.310749891655,77.282,3554.554316506886
7872,2,4600.310749891655,77.279,2133.085889442093
7873,2,4601.310749891655,77.275,2844.60392654839
7874,2,4602.310749891655,77.271,2845.0748686145002
7875,2,4603.310749891655,77.267,2845.545746670504
7876,2,4604.310749891655,77.261,4268.969589355707
7877,2,4605.310749891655,77.258,2134.824035287607
7878,2,4606.310749891655,77.252,4270.326443794719
7879,2,4607.310749891655,77.245,4982.709822475523
7880,2,4608.310749891655,77.239,4271.461667317737
7881,2,4609.310749891655,77.233,4272.0567009437445
7882,2,4610.310749891655,77.228,3560.566043701956
7883,2,4611.310749891655,77.22,5697.661781590973
7884,2,4612.310749891655,77.216,2849.2272918845524
7885,2,4613.310749891655,77.213,2137.286897385136
7886,2,4614.310749891655,77.209,2850.204378472434
7887,2,4615.310749891655,77.206,2138.019628333641
7888,2,4616.310749891655,77.202,2851.1812410805674
7889,2,4617.310749891655,77.197,3564.5408123593666
7890,2,4618.310749891655,77.191,4278.070560325799
7891,2,4619.310749891655,77.185,4278.664297951807
7892,2,4620.310749891655,77.18,3566.071344531884
7893,2,4621.310749891655,77.175,3566.6121040045255
7894,2,4622.310749891655,77.17,3567.1527634568934
7895,2,4623.310749891655,77.165,3567.6933229193983
7896,2,4624.310749891655,77.162,2140.96801529567
7897,2,4625.310749891655,77.157,3568.8666480695492
7898,2,4626.310749891655,77.15,4997.104930178148
7899,2,4627.310749891655,77.145,3569.854560779564
7900,2,4628.310749891655,77.138,4998.487671972164
7901,2,4629.310749891655,77.131,4999.113980528823
7902,2,4630.310749891655,77.125,4285.519290211885
7903,2,4631.310749891655,77.119,4286.111371837893
7904,2,4632.310749891655,77.115,2857.8392647986507
7905,2,4633.310749891655,77.108,5001.941586457205
7906,2,4634.310749891655,77.102,4287.942364444915
7907,2,4635.310749891655,77.095,5003.2570819108805
7908,2,4636.310749891655,77.089,4289.069619967932
7909,2,4637.310749891655,77.083,4289.66083759394
7910,2,4638.310749891655,77.077,4290.251911219948
7911,2,4639.310749891655,77.07,5005.95083914842
7912,2,4640.310749891655,77.063,5006.575117684767
7913,2,4641.310749891655,77.056,5007.199200241442
7914,2,4642.310749891655,77.051,3577.062913664513
7915,2,4643.310749891655,77.044,5008.576790035461
7916,2,4644.310749891655,77.039,3578.046666374525
7917,2,4645.310749891655,77.032,5009.953707829481
7918,2,4646.310749891655,77.026,4294.808049041014
7919,2,4647.310749891655,77.02,4295.3977906670225
7920,2,4648.310749891655,77.017,2148.035528943264
7921,2,4649.310749891655,77.012,3580.6434274720523
7922,2,4650.310749891655,77.008,2864.963446796752
7923,2,4651.310749891655,77.006,1432.7339476642876
7924,2,4652.310749891655,77.003,2149.4931788402732
7925,2,4653.310749891655,77.001,1433.2569374492887
7926,2,4654.310749891655,77.0,716.7685097974872
7927,2,4655.310749891655,76.996,2867.596936964766
7928,2,4656.310749891655,76.994,1434.0505847482898
7929,2,4657.310749891655,76.993,717.1653104469906
7930,2,4658.310749891655,76.99,2151.901992601782
7931,2,4659.310749891655,76.988,1434.8627012902905
7932,2,4660.310749891655,76.987,717.5713477179938
7933,2,4661.310749891655,76.982,3588.4867742470774
7934,2,4662.310749891655,76.978,2871.2374522167856
7935,2,4663.310749891655,76.972,4307.500139675085
7936,2,4664.310749891655,76.964,5744.042716759391
7937,2,4665.310749891655,76.956,5744.677044983405
7938,2,4666.310749891655,76.949,5027.179891738118
7939,2,4667.310749891655,76.943,4309.570715534122
7940,2,4668.310749891655,76.939,2873.4759792628224
7941,2,4669.310749891655,76.931,5747.7347606834455
7942,2,4670.310749891655,76.925,4311.331984412146
7943,2,4671.310749891655,76.92,3593.2890115821406
7944,2,4672.310749891655,76.914,4312.561511393161
7945,2,4673.310749891655,76.912,1437.7533988223167
7946,2,4674.310749891655,76.911,719.0165024840173
7947,2,4675.310749891655,76.91,719.1609748625182
7948,2,4676.310749891655,76.909,719.3054432307971
7949,2,4677.310749891655,76.908,719.44990761952
7950,2,4678.310749891655,76.906,1439.179379364316
7963,2,4691.310749891655,76.903,2164.697445390339
7964,2,4692.310749891655,76.898,3608.410428227406
7965,2,4693.310749891655,76.893,3608.9447676796553
7966,2,4694.310749891655,76.89,2165.7155701518473
7967,2,4695.310749891655,76.882,5776.058597055516
7968,2,4696.310749891655,76.876,4332.572089691211
7969,2,4697.310749891655,76.868,5777.466751457802
7970,2,4698.310749891655,76.861,5055.8662928840085
7971,2,4699.310749891655,76.855,4334.155507382238
7972,2,4700.310749891655,76.848,5057.163042337794
7973,2,4701.310749891655,76.841,5057.778234884304
7974,2,4702.310749891655,76.833,5780.983217427597
7975,2,4703.310749891655,76.825,5781.6105856516115
7976,2,4704.310749891655,76.817,5782.237697885896
7977,2,4705.310749891655,76.809,5782.864554099638
7978,2,4706.310749891655,76.799,7229.269816686999
7979,2,4707.310749891655,76.789,7229.864434547295
7980,2,4708.310749891655,76.78,6507.455161951251
7981,2,4709.310749891655,76.772,5784.992674135701
7982,2,4710.310749891655,76.764,5785.618170369992
7983,2,4711.310749891655,76.754,7232.710037012093
7984,2,4712.310749891655,76.743,7956.581194944468
7985,2,4713.310749891655,76.733,7233.800806497137
7986,2,4714.310749891655,76.721,8681.158101766818
7987,2,4715.310749891655,76.712,6511.358468593384
7988,2,4716.310749891655,76.703,6511.9753232519015
7989,2,4717.310749891655,76.695,5789.008275302116
7990,2,4718.310749891655,76.686,6513.29299015215
7991,2,4719.310749891655,76.677,6513.908890820952
7992,2,4720.310749891655,76.669,5790.726178030163
7993,2,4721.310749891655,76.661,5791.34861824389
7994,2,4722.310749891655,76.654,5068.007508341096
7995,2,4723.310749891655,76.646,5792.668303663915
7996,2,4724.310749891655,76.638,5793.289991887929
7997,2,4725.310749891655,76.632,4345.490271815529
7998,2,4726.310749891655,76.625,5070.3814461766415
7999,2,4727.310749891655,76.615,7244.130993137678
8000,2,4728.310749891655,76.608,5071.401706207872
8001,2,4729.310749891655,76.599,6521.071608528105
8002,2,4730.310749891655,76.592,5072.487238610192
8003,2,4731.310749891655,76.586,4348.396308281588
8004,2,4732.310749891655,76.579,5073.770632053713
8005,2,4733.310749891655,76.573,4349.496047804605
8006,2,4734.310749891655,76.567,4350.074089430613
8007,2,4735.310749891655,76.56,5075.727504383939
8008,2,4736.310749891655,76.553,5076.335234940754
8009,2,4737.310749891655,76.545,5802.182409492085
8010,2,4738.310749891655,76.539,4352.15737701865
8011,2,4739.310749891655,76.534,3627.302572087528
8012,2,4740.310749891655,76.531,2176.726994796581
8127,2,4855.310749891655,76.529,1486.3077267639303
8128,2,4856.310749891655,76.522,5202.842516064829
8129,2,4857.310749891655,76.514,5946.747263370623
8130,2,4858.310749891655,76.505,6690.724673739293
8131,2,4859.310749891655,76.497,5947.874106836088
8132,2,4860.310749891655,76.49,5204.950524859441
8133,2,4861.310749891655,76.484,4461.924903923725
8134,2,4862.310749891655,76.477,5206.207402292393
8135,2,4863.310749891655,76.468,6694.371563779867
8136,2,4864.310749891655,76.46,5951.114514882721
8137,2,4865.310749891655,76.451,6695.635788690399
8138,2,4866.310749891655,76.442,6696.223645348917
8139,2,4867.310749891655,76.432,7440.852635782601
8140,2,4868.310749891655,76.425,5209.087634077044
8141,2,4869.310749891655,76.417,5953.881549076223
8142,2,4870.310749891655,76.41,5210.204866819567
8143,2,4871.310749891655,76.403,5210.7972673555
8144,2,4872.310749891655,76.398,3722.4697744781683
8145,2,4873.310749891655,76.391,5212.117933149516
8146,2,4874.310749891655,76.384,5212.709773706609
8147,2,4875.310749891655,76.38,2979.087885589436
8148,2,4876.310749891655,76.374,4469.255833733869
8149,2,4877.310749891655,76.368,4469.821191359876
8150,2,4878.310749891655,76.362,4470.386404985884
8151,2,4879.310749891655,76.354,5961.190563840328
8152,2,4880.310749891655,76.344,7452.136908873372
8153,2,4881.310749891655,76.336,5962.228202344359
8154,2,4882.310749891655,76.326,7453.433237003412
8155,2,4883.310749891655,76.317,6708.628825161661
8156,2,4884.310749891655,76.307,7454.63043890786
8157,2,4885.310749891655,76.298,6709.705622885199
8158,2,4886.310749891655,76.288,7455.826120833495
8159,2,4887.310749891655,76.278,7456.374518672921
8160,2,4888.310749891655,76.269,6711.274259673755
8161,2,4889.310749891655,76.261,5966.132549455085
8162,2,4890.310749891655,76.252,6712.523670584288
8163,2,4891.310749891655,76.243,6713.103895242805
8164,2,4892.310749891655,76.233,7459.599738998016
8165,2,4893.310749891655,76.226,5222.204845327855
8166,2,4894.310749891655,76.217,6714.930722811857
8167,2,4895.310749891655,76.21,5223.242721719879
8168,2,4896.310749891655,76.203,5223.829872255786
8169,2,4897.310749891655,76.197,4478.100949701099
8170,2,4898.310749891655,76.19,5225.072161709912
8171,2,4899.310749891655,76.184,4479.165457224116
8172,2,4900.310749891655,76.178,4479.726878850124
8173,2,4901.310749891655,76.172,4480.288156476132
8174,2,4902.310749891655,76.164,5974.38728316065
8175,2,4903.310749891655,76.154,7468.624868023792
8176,2,4904.310749891655,76.146,5975.412217664681
8177,2,4905.310749891655,76.139,5229.036732834492
8178,2,4906.310749891655,76.132,5229.621909370386
8179,2,4907.310749891655,76.125,5230.206889927514
8180,2,4908.310749891655,76.115,7472.4122856388785
8181,2,4909.310749891655,76.106,6725.701724933573
8182,2,4910.310749891655,76.096,7473.5911675433
8183,2,4911.310749891655,76.085,8221.489993529274
8184,2,4912.310749891655,76.077,5979.736226596798
8185,2,4913.310749891655,76.068,6727.820976380648
8186,2,4914.310749891655,76.06,5980.834126072827
8187,2,4915.310749891655,76.05,7476.679181664022
8188,2,4916.310749891655,76.039,8224.88464203976
8189,2,4917.310749891655,76.029,7477.656111149067
8190,2,4918.310749891655,76.02,6730.418080892741
8191,2,4919.310749891655,76.011,6730.989593551259
8192,2,4920.310749891655,76.003,5983.6489466689245
8193,2,4921.310749891655,75.995,5984.235130892938
8194,2,4922.310749891655,75.988,5236.752882909226
8195,2,4923.310749891655,75.979,6733.6268825593215
8196,2,4924.310749891655,75.973,4489.553202405391
8197,2,4925.310749891655,75.965,5986.734917732989
8198,2,4926.310749891655,75.958,5238.939356394273
8199,2,4927.310749891655,75.949,6736.43694675438
8200,2,4928.310749891655,75.94,6737.005723412898
8201,2,4929.310749891655,75.932,5988.994257657045
8202,2,4930.310749891655,75.923,6738.231050323431
8203,2,4931.310749891655,75.914,6738.798872981949
8204,2,4932.310749891655,75.905,6739.366371640466
8205,2,4933.310749891655,75.898,5242.239602364367
8206,2,4934.310749891655,75.889,6740.678032144497
8207,2,4935.310749891655,75.88,6741.2445948030145
8208,2,4936.310749891655,75.869,8239.88241983516
8209,2,4937.310749891655,75.858,8240.356829633687
8210,2,4938.310749891655,75.847,8240.83075544286
8211,2,4939.310749891655,75.837,7492.144117858844
8212,2,4940.310749891655,75.827,7492.672895719513
8213,2,4941.310749891655,75.818,6743.925618006136
8214,2,4942.310749891655,75.809,6744.489768664654
8215,2,4943.310749891655,75.8,6745.053595323171
8216,2,4944.310749891655,75.79,7495.080665753943
8217,2,4945.310749891655,75.78,7495.607503614617
8218,2,4946.310749891655,75.771,6746.565064111728
8219,2,4947.310749891655,75.763,5997.486297389333
8220,2,4948.310749891655,75.755,5998.065185624001
8221,2,4949.310749891655,75.748,5248.847985778943
8222,2,4950.310749891655,75.74,5999.301399044029
8223,2,4951.310749891655,75.73,7499.750392854069
8224,2,4952.310749891655,75.719,8250.247618371171
8225,2,4953.310749891655,75.71,6750.674041908346
8226,2,4954.310749891655,75.702,6001.136794097436
8227,2,4955.310749891655,75.695,5251.534271213181
8228,2,4956.310749891655,75.687,6002.369871517461
8229,2,4957.310749891655,75.678,6753.27007491641
8230,2,4958.310749891655,75.669,6753.829113574927
8231,2,4959.310749891655,75.66,6754.387828233444
8232,2,4960.310749891655,75.651,6754.9462188919615
8233,2,4961.310749891655,75.643,6004.932388749537
8234,2,4962.310749891655,75.635,6005.50756497355
8235,2,4963.310749891655,75.628,5255.356917729786
8236,2,4964.310749891655,75.62,6006.736578393576
8237,2,4965.310749891655,75.613,5256.431884472309
8238,2,4966.310749891655,75.603,7509.856463560007
8239,2,4967.310749891655,75.594,6759.3823510625725
8240,2,4968.310749891655,75.584,7510.9928254643755
8241,2,4969.310749891655,75.574,7511.510743325071
8242,2,4970.310749891655,75.567,5258.52415934938
8243,2,4971.310749891655,75.559,6010.354467101679
8244,2,4972.310749891655,75.549,7513.559327939449
8245,2,4973.310749891655,75.54,6762.71293101368
8246,2,4974.310749891655,75.531,6763.266893672197
8247,2,4975.310749891655,75.522,6763.820532330715
8248,2,4976.310749891655,75.513,6764.373846989232
8249,2,4977.310749891655,75.502,8268.134411851206
8250,2,4978.310749891655,75.493,6765.3002851192705
8251,2,4979.310749891655,75.484,6765.852591777788
8252,2,4980.310749891655,75.474,7518.177501814607
8253,2,4981.310749891655,75.464,7518.690819675313
8254,2,4982.310749891655,75.457,5263.54724479455
8255,2,4983.310749891655,75.448,6768.0585784118575
8256,2,4984.310749891655,75.442,4512.4958943070815
8257,2,4985.310749891655,75.441,752.1986418688049
8270,2,4998.310749891655,75.436,3770.6506550535873
8271,2,4999.310749891655,75.428,6033.728135780611
8272,2,5000.310749891655,75.422,4525.781259727109
8273,2,5001.310749891655,75.416,4526.3262653531165
8274,2,5002.310749891655,75.415,754.5035327097887
8289,2,5017.310749891655,75.406,6810.442421484942
8290,2,5018.310749891655,75.401,3783.9819463018675
8291,2,5019.310749891655,75.393,6055.055561749942
8292,2,5020.310749891655,75.387,4541.774729212155
8293,2,5021.310749891655,75.383,3028.2520870483604
8294,2,5022.310749891655,75.381,1514.3673157898015
8313,2,5041.310749891655,75.374,5320.019614703217
8314,2,5042.310749891655,75.371,2280.309401977339
8315,2,5043.310749891655,75.369,1520.4573248737927
8369,2,5097.310749891655,75.368,768.3533305100872
8370,2,5098.310749891655,75.366,1536.9775451447554
8371,2,5099.310749891655,75.361,3843.0190569911024
8372,2,5100.310749891655,75.358,2306.1412077388486
8373,2,5101.310749891655,75.352,4612.911258697203
8374,2,5102.310749891655,75.347,3844.565638497043
8375,2,5103.310749891655,75.342,3845.0639679486208
8376,2,5104.310749891655,75.335,5383.715616033822
8377,2,5105.310749891655,75.327,6153.410625598001
8378,2,5106.310749891655,75.317,7692.35076607072
8379,2,5107.310749891655,75.308,6923.598135311206
8380,2,5108.310749891655,75.299,6924.126213980656
8381,2,5109.310749891655,75.29,6924.653968639173
8382,2,5110.310749891655,75.284,4616.879585125292
8383,2,5111.310749891655,75.281,2308.753509172399
8397,2,5125.310749891655,75.279,1543.3335730147444
8398,2,5126.310749891655,75.276,2315.375144849902
8644,2,5372.310749891655,75.272,3235.162555091216
8645,2,5373.310749891655,75.265,5662.174562499127
8646,2,5374.310749891655,75.256,7280.519655460253
8647,2,5375.310749891655,75.247,7281.00354411877
8648,2,5376.310749891655,75.236,8899.47707633191
8649,2,5377.310749891655,75.227,7281.7767662488095
8650,2,5378.310749891655,75.217,8091.345824571142
8651,2,5379.310749891655,75.207,8091.774402421162
8652,2,5380.310749891655,75.196,8901.363654872004
8653,2,5381.310749891655,75.184,9710.898126824854
8654,2,5382.310749891655,75.171,10520.34532639221
8655,2,5383.310749891655,75.16,8902.063371769591
8656,2,5384.310749891655,75.149,8902.414009556616
8657,2,5385.310749891655,75.138,8902.764163355143
8658,2,5386.310749891655,75.125,10521.72175874684
8659,2,5387.310749891655,75.114,8903.2259772792
8660,2,5388.310749891655,75.101,10522.266290838908
8661,2,5389.310749891655,75.091,8094.313601481415
8662,2,5390.310749891655,75.083,6475.876212430246
8663,2,5391.310749891655,75.073,8095.376569611455
8664,2,5392.310749891655,75.061,9714.830185479668
8665,2,5393.310749891655,75.049,9715.078519995206
8666,2,5394.310749891655,75.035,11334.396284222448
8667,2,5395.310749891655,75.023,9715.31448608727
8668,2,5396.310749891655,75.012,8905.990316956442
8669,2,5397.310749891655,75.001,8906.334552754968
8670,2,5398.310749891655,74.989,9716.31155251536
8671,2,5399.310749891655,74.977,9716.556431019393
8672,2,5400.310749891655,74.964,10526.463923947795
8673,2,5401.310749891655,74.954,8097.537050026714
8674,2,5402.310749891655,74.944,8097.955767865228
8675,2,5403.310749891655,74.934,8098.374085726758
8676,2,5404.310749891655,74.923,8908.611756508153
8677,2,5405.310749891655,74.912,8908.95209830668
8678,2,5406.310749891655,74.899,10529.02265678048
8679,2,5407.310749891655,74.888,8909.393408230737
8680,2,5408.310749891655,74.876,9719.643013761655
8681,2,5409.310749891655,74.866,8100.010103106906
8682,2,5410.310749891655,74.855,8910.408493626313
8683,2,5411.310749891655,74.843,9720.74875964774
8684,2,5412.310749891655,74.832,8910.96372639838
8685,2,5413.310749891655,74.821,8911.300130185395
8686,2,5414.310749891655,74.81,8911.636049983921
8687,2,5415.310749891655,74.8,8101.84641291705
8688,2,5416.310749891655,74.786,11342.859637662696
8689,2,5417.310749891655,74.774,9722.55594904592
8690,2,5418.310749891655,74.761,10532.95227380987
8691,2,5419.310749891655,74.747,11343.224362323814
8692,2,5420.310749891655,74.735,9722.866698184022
8693,2,5421.310749891655,74.722,10533.286929709478
8694,2,5422.310749891655,74.707,12153.75709568386
8695,2,5423.310749891655,74.692,12153.55804084641
8696,2,5424.310749891655,74.678,11343.210153955022
8697,2,5425.310749891655,74.665,10533.018383166625
8698,2,5426.310749891655,74.651,11343.29022303962
8699,2,5427.310749891655,74.639,9722.91866221627
8700,2,5428.310749891655,74.625,11343.519260802184
8701,2,5429.310749891655,74.613,9723.113732308339
8702,2,5430.310749891655,74.599,11343.745386576264
8703,2,5431.310749891655,74.584,12153.888474016763
8704,2,5432.310749891655,74.569,12153.681679179312
8705,2,5433.310749891655,74.553,12963.618650329823
8706,2,5434.310749891655,74.539,11342.971616516445
8707,2,5435.310749891655,74.524,12153.055894666957
8708,2,5436.310749891655,74.509,12152.845499829506
8709,2,5437.310749891655,74.495,11342.53471367258
8710,2,5438.310749891655,74.48,12152.585159477101
8711,2,5439.310749891655,74.465,12152.37209463965
8712,2,5440.310749891655,74.451,11342.090418840226
8713,2,5441.310749891655,74.436,12152.106504275731
8714,2,5442.310749891655,74.424,9721.70853874683
8715,2,5443.310749891655,74.409,12152.164032579833
8716,2,5444.310749891655,74.395,11341.893035584395
8717,2,5445.310749891655,74.38,12151.891602227424
8718,2,5446.310749891655,74.366,11341.63714324397
8719,2,5447.310749891655,74.353,10531.541896375018
8720,2,5448.310749891655,74.339,11341.683108317051
8721,2,5449.310749891655,74.325,11341.628666503095
8722,2,5450.310749891655,74.31,12151.604074652654
8723,2,5451.310749891655,74.297,10531.338175923176
8724,2,5452.310749891655,74.283,11341.460637061222
8725,2,5453.310749891655,74.269,11341.403059247265
8726,2,5454.310749891655,74.255,11341.34469744482
8727,2,5455.310749891655,74.242,10531.264645539319
8728,2,5456.310749891655,74.228,11341.378398517902
8729,2,5457.310749891655,74.215,10531.294535392895
8730,2,5458.310749891655,74.202,10531.379385370943
8731,2,5459.310749891655,74.188,11341.49971046651
8732,2,5460.310749891655,74.174,11341.436728652554
8733,2,5461.310749891655,74.161,10531.34589111156
8734,2,5462.310749891655,74.147,11341.461357725635
8735,2,5463.310749891655,74.134,10531.367356965136
8736,2,5464.310749891655,74.121,10531.448072931671
8737,2,5465.310749891655,74.108,10531.528112886695
8738,2,5466.310749891655,74.096,9721.549420523683
8739,2,5467.310749891655,74.084,9721.753283027714
8740,2,5468.310749891655,74.072,9721.956569531745
8741,2,5469.310749891655,74.058,11342.366019336905
8742,2,5470.310749891655,74.045,10532.202628889887
8743,2,5471.310749891655,74.034,8912.048469861771
8744,2,5472.310749891655,74.021,10532.638584981954
8745,2,5473.310749891655,74.01,8912.416299785828
8746,2,5474.310749891655,73.999,8912.719857595868
8747,2,5475.310749891655,73.986,10533.430197188038
8748,2,5476.310749891655,73.976,8102.858911758836
8749,2,5477.310749891655,73.963,10534.002375371118
8750,2,5478.310749891655,73.95,10534.07391332614
8751,2,5479.310749891655,73.938,9723.891698160094
8752,2,5480.310749891655,73.925,10534.357449350226
8753,2,5481.310749891655,73.912,10534.426985305246
8754,2,5482.310749891655,73.898,11344.764927188904
8755,2,5483.310749891655,73.884,11344.68480936343
8756,2,5484.310749891655,73.87,11344.603907549474
8757,2,5485.310749891655,73.856,11344.522221747033
8758,2,5486.310749891655,73.845,8913.66942476372
8759,2,5487.310749891655,73.832,10534.544664956988
8760,2,5488.310749891655,73.819,10534.609416912008
8761,2,5489.310749891655,73.805,11344.956141984672
8762,2,5490.310749891655,73.791,11344.87067618223
8763,2,5491.310749891655,73.776,12155.043801439388
8764,2,5492.310749891655,73.763,10534.290464460166
8765,2,5493.310749891655,73.751,9724.08290351458
8766,2,5494.310749891655,73.738,10534.555176484253
8767,2,5495.310749891655,73.725,10534.615118450789
8768,2,5496.310749891655,73.711,11344.957004090957
8769,2,5497.310749891655,73.696,12155.131285639649
8770,2,5498.310749891655,73.684,9724.092459828755
8771,2,5499.310749891655,73.673,8913.98127588613
8772,2,5500.310749891655,73.662,8914.271127684657
8773,2,5501.310749891655,73.65,9724.909070256843
8774,2,5502.310749891655,73.636,11345.7867755277
8775,2,5503.310749891655,73.622,11345.691481702226
8776,2,5504.310749891655,73.607,12155.912510937438
8777,2,5505.310749891655,73.593,11345.344393373314
8778,2,5506.310749891655,73.581,9724.629339655023
8779,2,5507.310749891655,73.571,8104.117914684714
8780,2,5508.310749891655,73.559,9725.253127579079
8781,2,5509.310749891655,73.548,8915.039941323928
8782,2,5510.310749891655,73.535,10536.149468346324
8783,2,5511.310749891655,73.52,12156.98703488022
8784,2,5512.310749891655,73.507,10535.960664108887
8785,2,5513.310749891655,73.495,9725.612482267246
8786,2,5514.310749891655,73.484,8915.366676799598
8787,2,5515.310749891655,73.472,9726.096078733304
8788,2,5516.310749891655,73.461,8915.808961548635
8789,2,5517.310749891655,73.449,9726.577467199366
8790,2,5518.310749891655,73.436,10537.241968464585
8791,2,5519.310749891655,73.422,11347.769133514352
8792,2,5520.310749891655,73.409,10537.18572031816
8793,2,5521.310749891655,73.396,10537.228320296217
8794,2,5522.310749891655,73.384,9726.777262429534
8795,2,5523.310749891655,73.371,10537.455098308787
8796,2,5524.310749891655,73.357,11347.994947938028
8797,2,5525.310749891655,73.345,9726.889651567635
8798,2,5526.310749891655,73.33,12158.574438605838
8799,2,5527.310749891655,73.317,10537.326014015938
8800,2,5528.310749891655,73.305,9726.86374523622
8801,2,5529.310749891655,73.293,9727.030767751772
8802,2,5530.310749891655,73.28,10537.725088074543
8803,2,5531.310749891655,73.268,9727.230333301835
8804,2,5532.310749891655,73.254,11348.473299735342
8805,2,5533.310749891655,73.24,11348.355549932903
8806,2,5534.310749891655,73.227,10537.720603849673
8807,2,5535.310749891655,73.214,10537.753739827729
8808,2,5536.310749891655,73.201,10537.786199794265
8809,2,5537.310749891655,73.189,9727.28304812004
8810,2,5538.310749891655,73.178,8916.885224819809
8811,2,5539.310749891655,73.166,9727.738708586101
8812,2,5540.310749891655,73.153,10538.485471966882
8813,2,5541.310749891655,73.141,9727.926178136167
8814,2,5542.310749891655,73.128,10538.687263990972
8815,2,5543.310749891655,73.115,10538.715121957508
8816,2,5544.310749891655,73.102,10538.742303912524
8817,2,5545.310749891655,73.091,8917.541759056036
8818,2,5546.310749891655,73.078,10539.083048004592
8819,2,5547.310749891655,73.066,9728.474186786361
8820,2,5548.310749891655,73.054,9728.630001290392
8821,2,5549.310749891655,73.042,9728.785239794424
8822,2,5550.310749891655,73.03,9728.939902298454
8823,2,5551.310749891655,73.017,10539.779654166785
8824,2,5552.310749891655,73.005,9729.114243848519
8825,2,5553.310749891655,72.993,9729.26715435255
8826,2,5554.310749891655,72.98,10540.132240213868
8827,2,5555.310749891655,72.969,8918.712535003328
8828,2,5556.310749891655,72.957,9729.722429864643
8829,2,5557.310749891655,72.945,9729.873036368675
8830,2,5558.310749891655,72.932,10540.786064398002
8831,2,5559.310749891655,72.92,9730.039097918741
8832,2,5560.310749891655,72.909,8919.400119801949
8833,2,5561.310749891655,72.894,12162.836868997258
8834,2,5562.310749891655,72.883,8919.426716064534
8835,2,5563.310749891655,72.871,9730.497540476868
8836,2,5564.310749891655,72.859,9730.6440669809
8837,2,5565.310749891655,72.847,9730.790017484931
8838,2,5566.310749891655,72.836,8920.085338737623
8839,2,5567.310749891655,72.825,8920.340562536148
8840,2,5568.310749891655,72.811,11353.251061193685
8841,2,5569.310749891655,72.798,10542.242996756904
8842,2,5570.310749891655,72.785,10542.25314872344
8843,2,5571.310749891655,72.772,10542.262624678453
8844,2,5572.310749891655,72.76,9731.394336639158
8845,2,5573.310749891655,72.748,9731.535607143189
8846,2,5574.310749891655,72.737,8920.764593935883
8847,2,5575.310749891655,72.724,10542.873600862587
8848,2,5576.310749891655,72.712,9731.955962655282
8849,2,5577.310749891655,72.7,9732.094929159313
8850,2,5578.310749891655,72.689,8921.275237783997
8851,2,5579.310749891655,72.677,9732.505037613848
8852,2,5580.310749891655,72.663,11354.593101457658
8853,2,5581.310749891655,72.651,9732.51108371744
8854,2,5582.310749891655,72.638,10543.628505025828
8855,2,5583.310749891655,72.625,10543.630103003892
8856,2,5584.310749891655,72.612,10543.631024970427
8857,2,5585.310749891655,72.6,9732.649735359573
8858,2,5586.310749891655,72.588,9732.783421863604
8859,2,5587.310749891655,72.575,10543.920275017506
8860,2,5588.310749891655,72.562,10543.91854499557
8861,2,5589.310749891655,72.548,11354.908360831481
8862,2,5590.310749891655,72.536,9732.77573804774
8863,2,5591.310749891655,72.524,9732.90644855177
8864,2,5592.310749891655,72.512,9733.036583055802
8865,2,5593.310749891655,72.498,11355.203885781633
8866,2,5594.310749891655,72.485,10544.039420874285
8867,2,5595.310749891655,72.471,11355.034110854715
8868,2,5596.310749891655,72.456,12165.84792074368
8869,2,5597.310749891655,72.442,11354.547862537329
8870,2,5598.310749891655,72.43,9732.46169948849
8871,2,5599.310749891655,72.419,8921.600190929643
8872,2,5600.310749891655,72.405,11354.831656588914
8873,2,5601.310749891655,72.391,11354.663478774959
8874,2,5602.310749891655,72.378,10543.532024368087
8875,2,5603.310749891655,72.363,12165.432018751482
8876,2,5604.310749891655,72.348,12165.081193914031
8877,2,5605.310749891655,72.334,11353.825978818131
8878,2,5606.310749891655,72.322,9731.837854036296
8879,2,5607.310749891655,72.311,8921.023932576374
8880,2,5608.310749891655,72.299,9732.213810502357
8881,2,5609.310749891655,72.286,10543.288532054346
8882,2,5610.310749891655,72.272,11354.21421935632
8883,2,5611.310749891655,72.258,11354.038397553886
8884,2,5612.310749891655,72.245,10542.944623783436
8885,2,5613.310749891655,72.233,9731.998926274528
8886,2,5614.310749891655,72.219,11353.977830215004
8887,2,5615.310749891655,72.206,10542.886315683047
8888,2,5616.310749891655,72.192,11353.776555288086
8889,2,5617.310749891655,72.179,10542.698013536621
8890,2,5618.310749891655,72.166,10542.675847514683
8891,2,5619.310749891655,72.152,11353.547643236683
8892,2,5620.310749891655,72.138,11353.364933422727
8893,2,5621.310749891655,72.123,12164.038651352263
8894,2,5622.310749891655,72.109,11352.839737105338
8895,2,5623.310749891655,72.095,11352.654647279856
8896,2,5624.310749891655,72.081,11352.468773465898
8897,2,5625.310749891655,72.068,10541.47795072396
8898,2,5626.310749891655,72.053,12163.042973777488
8899,2,5627.310749891655,72.04,10541.129142486516
8900,2,5628.310749891655,72.027,10541.099982464575
8901,2,5629.310749891655,72.012,12162.604366555122
8902,2,5630.310749891655,71.998,11351.494715283152
8903,2,5631.310749891655,71.985,10540.569204125693
8904,2,5632.310749891655,71.973,9729.794291195203
8905,2,5633.310749891655,71.96,10540.651110138262
8906,2,5634.310749891655,71.949,8919.108282764237
8907,2,5635.310749891655,71.936,10540.876934218808
8908,2,5636.310749891655,71.924,9730.075973753332
8909,2,5637.310749891655,71.912,9730.178748257364
8910,2,5638.310749891655,71.901,8919.486222623875
8911,2,5639.310749891655,71.889,9730.51791272342
8912,2,5640.310749891655,71.876,10541.430574448977
8913,2,5641.310749891655,71.864,9730.584086273488
8914,2,5642.310749891655,71.851,10541.50096247307
8915,2,5643.310749891655,71.839,9730.647859823552
8916,2,5644.310749891655,71.829,8109.0683681584915
8917,2,5645.310749891655,71.819,8109.37598599699
8918,2,5646.310749891655,71.81,7298.7657002659735
8919,2,5647.310749891655,71.802,6488.172731303927
8920,2,5648.310749891655,71.793,7299.622639176508
8921,2,5649.310749891655,71.784,7299.999805835025
8922,2,5650.310749891655,71.776,6489.268890043499
8923,2,5651.310749891655,71.766,8112.004476602102
8924,2,5652.310749891655,71.757,7301.129361810577
8925,2,5653.310749891655,71.748,7301.505232469095
8926,2,5654.310749891655,71.74,6490.6059270515625
8927,2,5655.310749891655,71.733,5679.690794526966
8928,2,5656.310749891655,71.728,4057.299982458875
8929,2,5657.310749891655,71.719,7303.718296257651
8930,2,5658.310749891655,71.712,5681.040184166496
8931,2,5659.310749891655,71.706,4869.882174767953
8932,2,5660.310749891655,71.702,3246.935376085818
8933,2,5661.310749891655,71.699,2435.5128685357317
8934,2,5662.310749891655,71.696,2435.841149942234
8935,2,5663.310749891655,71.692,3248.203207225828
8936,2,5664.310749891655,71.687,4060.716055039885
8937,2,5665.310749891655,71.682,4061.14968450239
8938,2,5666.310749891655,71.676,4873.865858897992
8939,2,5667.310749891655,71.67,4874.317960524
8940,2,5668.310749891655,71.666,3249.891958589853
8941,2,5669.310749891655,71.66,4875.357795234013
8942,2,5670.310749891655,71.655,4063.2029255999173
8943,2,5671.310749891655,71.647,6501.681384644188
8944,2,5672.310749891655,71.64,5689.378732942145
8945,2,5673.310749891655,71.635,4064.2179884499383
8946,2,5674.310749891655,71.629,4877.546731635054
8947,2,5675.310749891655,71.624,4065.026454279003
8948,2,5676.310749891655,71.618,4878.516626616068
8949,2,5677.310749891655,71.613,4065.8344800849604
8950,2,5678.310749891655,71.609,3253.036088887906
8951,2,5679.310749891655,71.607,1626.7363367091752
8982,2,5710.310749891655,71.601,4906.573091223091
8983,2,5711.310749891655,71.591,8178.140088989042
8984,2,5712.310749891655,71.582,7360.63800294842
8985,2,5713.310749891655,71.573,7361.001003606937
8986,2,5714.310749891655,71.565,6543.480096940307
8987,2,5715.310749891655,71.556,7361.828908517471
8988,2,5716.310749891655,71.545,8998.10763081917
8989,2,5717.310749891655,71.538,5726.3498181913255
8990,2,5718.310749891655,71.529,7362.9140764930235
8991,2,5719.310749891655,71.524,4090.822803517534
8992,2,5720.310749891655,71.515,7364.047764184052
8993,2,5721.310749891655,71.507,6546.186448564406
8994,2,5722.310749891655,71.496,9001.383645842414
8995,2,5723.310749891655,71.483,10638.072220206517
8996,2,5724.310749891655,71.473,8183.245675619301
8997,2,5725.310749891655,71.463,8183.530173469322
8998,2,5726.310749891655,71.456,5728.790242438822
8999,2,5727.310749891655,71.447,7366.048992826184
9000,2,5728.310749891655,71.44,5729.507966842477
9001,2,5729.310749891655,71.43,8185.466268362763
9002,2,5730.310749891655,71.421,7367.225588395236
9003,2,5731.310749891655,71.411,8186.145770289438
9004,2,5732.310749891655,71.402,7367.836456118772
9005,2,5733.310749891655,71.393,7368.192976777289
9006,2,5734.310749891655,71.386,5731.17408191556
9007,2,5735.310749891655,71.376,8187.844332752878
9008,2,5736.310749891655,71.369,5731.807745957087
9009,2,5737.310749891655,71.359,8188.74888710955
9010,2,5738.310749891655,71.35,7370.177299256873
9011,2,5739.310749891655,71.343,5732.716281832488
9012,2,5740.310749891655,71.336,5733.152582390638
9013,2,5741.310749891655,71.328,6552.626854576713
9014,2,5742.310749891655,71.321,5733.944203133161
9015,2,5743.310749891655,71.312,7372.670779703947
9016,2,5744.310749891655,71.304,6553.844975248754
9017,2,5745.310749891655,71.296,6554.250503472768
9018,2,5746.310749891655,71.288,6554.655775708425
9019,2,5747.310749891655,71.279,7374.391665118512
9020,2,5748.310749891655,71.27,7374.743541777029
9021,2,5749.310749891655,71.261,7375.095094435546
9022,2,5750.310749891655,71.253,6555.9982896768415
9023,2,5751.310749891655,71.243,8195.387766169806
9024,2,5752.310749891655,71.234,7376.1478084110995
9025,2,5753.310749891655,71.224,8196.0514280732
9026,2,5754.310749891655,71.214,8196.325145934868
9027,2,5755.310749891655,71.205,7376.990415199656
9028,2,5756.310749891655,71.196,7377.3396638581735
9029,2,5757.310749891655,71.186,8197.374191903282
9030,2,5758.310749891655,71.178,6558.20921278862
9031,2,5759.310749891655,71.171,5738.824881546741
9032,2,5760.310749891655,71.163,6559.104562208647
9033,2,5761.310749891655,71.158,4099.777536172923
9034,2,5762.310749891655,71.153,4100.201025635428
9170,2,5898.310749891655,71.146,5875.266049796027
9171,2,5899.310749891655,71.137,7554.3446828417955
9172,2,5900.310749891655,71.13,5875.936566188052
9173,2,5901.310749891655,71.121,7555.2061993458265
9174,2,5902.310749891655,71.113,6716.074137596995
9175,2,5903.310749891655,71.104,7555.96030425636
9176,2,5904.310749891655,71.095,7556.283758914878
9177,2,5905.310749891655,71.086,7556.606889573395
9178,2,5906.310749891655,71.079,5877.69467431263
9179,2,5907.310749891655,71.073,5038.416226311781
9180,2,5908.310749891655,71.065,6718.363786941077
9181,2,5909.310749891655,71.057,6718.744499165091
9182,2,5910.310749891655,71.049,6719.124955389105
9183,2,5911.310749891655,71.041,6719.505155625055
9184,2,5912.310749891655,71.036,4200.016872057963
9185,2,5913.310749891655,71.032,3360.3689264665372
9186,2,5914.310749891655,71.028,3360.747940510602
9187,2,5915.310749891655,71.025,2520.8629138631736
9188,2,5916.310749891655,71.024,840.4060257153726
9208,2,5936.310749891655,71.017,5902.396606581742
9209,2,5937.310749891655,71.009,6746.019972509159
9210,2,5938.310749891655,71.002,5903.138135324265
9239,2,5967.310749891655,71.0,1694.74012220828
9240,2,5968.310749891655,70.998,1694.9763797222802
9241,2,5969.310749891655,70.994,3390.377487998607
9242,2,5970.310749891655,70.993,847.706512448914
9245,2,5973.310749891655,70.992,848.1205268153637
9246,2,5974.310749891655,70.989,2544.7158437411977
9247,2,5975.310749891655,70.985,3393.355073624619
9248,2,5976.310749891655,70.981,3393.7317276806225
9249,2,5977.310749891655,70.976,4242.605510607989
9250,2,5978.310749891655,70.968,6788.682728657206
9251,2,5979.310749891655,70.962,5091.861448392929
9252,2,5980.310749891655,70.953,7638.262200638158
9253,2,5981.310749891655,70.944,7638.570463296675
9254,2,5982.310749891655,70.934,8487.582845735626
9255,2,5983.310749891655,70.927,5941.589124024845
9256,2,5984.310749891655,70.925,1697.7728969953687
9258,2,5986.310749891655,70.924,849.1521935533688
9422,2,6150.310749891655,70.918,5234.234264316991
9423,2,6151.310749891655,70.91,6979.424808293599
9424,2,6152.310749891655,70.899,9596.983386441474
9425,2,6153.310749891655,70.888,9597.05418424
9426,2,6154.310749891655,70.878,8724.720177695868
9427,2,6155.310749891655,70.865,11342.13875108917
9428,2,6156.310749891655,70.851,12214.268279239372
9429,2,6157.310749891655,70.841,8724.416747740946
9430,2,6158.310749891655,70.83,9596.994464723139
9431,2,6159.310749891655,70.821,7852.252743296423
9432,2,6160.310749891655,70.813,6980.075621997369
9433,2,6161.310749891655,70.804,7852.917100206957
9434,2,6162.310749891655,70.793,9598.211867772727
9435,2,6163.310749891655,70.781,10470.774673262333
9436,2,6164.310749891655,70.767,12215.642012368025
9437,2,6165.310749891655,70.754,11342.772254252584
9438,2,6166.310749891655,70.745,7852.741243190572
9439,2,6167.310749891655,70.736,7853.015629849089
9440,2,6168.310749891655,70.728,6980.751295389916
9441,2,6169.310749891655,70.719,7853.674478759622
9442,2,6170.310749891655,70.709,8726.547087348834
9443,2,6171.310749891655,70.698,9599.331931317853
9444,2,6172.310749891655,70.685,11344.577539767277
9445,2,6173.310749891655,70.673,10471.762331798613
9446,2,6174.310749891655,70.662,9599.108308191539
9447,2,6175.310749891655,70.654,6981.361711462046
9448,2,6176.310749891655,70.644,8727.003563373974
9449,2,6177.310749891655,70.636,6981.843701966077
9450,2,6178.310749891655,70.627,7854.9004031578015
9451,2,6179.310749891655,70.616,9600.628270712647
9452,2,6180.310749891655,70.607,7855.21822528784
9453,2,6181.310749891655,70.598,7855.487859946358
9454,2,6182.310749891655,70.589,7855.757170604876
9455,2,6183.310749891655,70.579,8728.856119411517
9456,2,6184.310749891655,70.569,8729.030937249134
9457,2,6185.310749891655,70.559,8729.20535511156
9458,2,6186.310749891655,70.549,8729.379372949177
9459,2,6187.310749891655,70.538,9602.440229478238
9460,2,6188.310749891655,70.528,8729.602442434223
9461,2,6189.310749891655,70.518,8729.77524029665
9462,2,6190.310749891655,70.506,10475.788598313047
9463,2,6191.310749891655,70.493,11348.59211751622
9464,2,6192.310749891655,70.479,12221.194034468497
9465,2,6193.310749891655,70.467,10475.068523451147
9466,2,6194.310749891655,70.454,11347.81004741583
9467,2,6195.310749891655,70.444,8729.068940374405
9468,2,6196.310749891655,70.431,11347.768599587394
9469,2,6197.310749891655,70.418,11347.505283541528
9470,2,6198.310749891655,70.405,11347.241291520468
9471,2,6199.310749891655,70.394,9601.424297010177
9472,2,6200.310749891655,70.38,12219.795637082203
9473,2,6201.310749891655,70.369,9601.111154097734
9474,2,6202.310749891655,70.357,10473.916591071433
9475,2,6203.310749891655,70.346,9601.06875685829
9476,2,6204.310749891655,70.334,10473.869235537493
9477,2,6205.310749891655,70.321,11346.503785842704
9478,2,6206.310749891655,70.309,10473.521769087558
9479,2,6207.310749891655,70.295,12218.818089485057
9480,2,6208.310749891655,70.281,12218.3528876711
9481,2,6209.310749891655,70.268,11345.261415629353
9482,2,6210.310749891655,70.255,11344.98946759589
9483,2,6211.310749891655,70.243,10472.120852859729
9484,2,6212.310749891655,70.233,8726.805649009864
9485,2,6213.310749891655,70.223,8726.967746872288
9486,2,6214.310749891655,70.213,8727.12944472231
9487,2,6215.310749891655,70.204,7854.617606108126
9488,2,6216.310749891655,70.194,8727.575966624949
9489,2,6217.310749891655,70.183,9600.44174250918
9490,2,6218.310749891655,70.171,10473.177443883918
9491,2,6219.310749891655,70.162,7854.970819181209
9492,2,6220.310749891655,70.151,9600.69508475366
9493,2,6221.310749891655,70.139,10473.452221228
9494,2,6222.310749891655,70.129,8727.91084265009
9495,2,6223.310749891655,70.119,8728.068860512514
9496,2,6224.310749891655,70.107,10473.722390572084
9497,2,6225.310749891655,70.094,11346.332301796843
9498,2,6226.310749891655,70.081,11346.050421750977
9499,2,6227.310749891655,70.069,10473.091219168184
9500,2,6228.310749891655,70.056,11345.64656977595
9501,2,6229.310749891655,70.045,9600.059319072509
9502,2,6230.310749891655,70.035,8727.419298452696
9503,2,6231.310749891655,70.023,10472.939052100302
9504,2,6232.310749891655,70.011,10472.824842604332
9505,2,6233.310749891655,69.999,10472.710057108365
9506,2,6234.310749891655,69.987,10472.594695612395
9507,2,6235.310749891655,69.976,9599.840783354173
9508,2,6236.310749891655,69.967,7854.552317449089
9509,2,6237.310749891655,69.954,11345.499846667237
9510,2,6238.310749891655,69.943,9599.930548749751
9511,2,6239.310749891655,69.932,9599.959502548278
9512,2,6240.310749891655,69.922,8727.32419615794
9513,2,6241.310749891655,69.911,9600.153266981828
9514,2,6242.310749891655,69.898,11345.505907215394
9515,2,6243.310749891655,69.888,8727.274364835612
9516,2,6244.310749891655,69.878,8727.423362698037
9517,2,6245.310749891655,69.867,9600.260458175933
9518,2,6246.310749891655,69.858,7854.891925757802
9519,2,6247.310749891655,69.847,9600.586031458382
9520,2,6248.310749891655,69.836,9600.610695244506
9521,2,6249.310749891655,69.826,8727.912379518148
9522,2,6250.310749891655,69.814,10473.520717378844
9523,2,6251.310749891655,69.804,8727.955042775793
9524,2,6252.310749891655,69.793,9600.842061275109
9525,2,6253.310749891655,69.785,6982.5968627955535
9526,2,6254.310749891655,69.783,1745.8032854776884
9527,2,6255.310749891655,69.777,5237.947009529475
9528,2,6256.310749891655,69.773,3492.27266059379
9529,2,6257.310749891655,69.771,1746.3403425616923
9539,2,6267.310749891655,69.77,874.5468093548072
9540,2,6268.310749891655,69.761,7871.613005188491
9541,2,6269.310749891655,69.751,8746.440813380892
9542,2,6270.310749891655,69.74,9621.171084953157
9543,2,6271.310749891655,69.729,9621.187828739252
9544,2,6272.310749891655,69.721,6997.389872575252
9545,2,6273.310749891655,69.712,7872.358840107087
9546,2,6274.310749891655,69.706,5248.511136770568
9547,2,6275.310749891655,69.7,5248.895822396576
9548,2,6276.310749891655,69.692,6998.940064399734
9549,2,6277.310749891655,69.687,4374.626475041766
9550,2,6278.310749891655,69.683,3500.032676841443
9617,2,6345.310749891655,69.681,1768.6157747042462
9691,2,6419.310749891655,69.676,4472.879440859188
9692,2,6420.310749891655,69.67,5367.867730526619
9693,2,6421.310749891655,69.664,5368.241472152627
9694,2,6422.310749891655,69.661,2684.3653356860664
9695,2,6423.310749891655,69.658,2684.6676910925685
9696,2,6424.310749891655,69.655,2684.97001049907
9697,2,6425.310749891655,69.649,5370.428932217646
9698,2,6426.310749891655,69.646,2685.458867718576
9699,2,6427.310749891655,69.641,4476.204162096724
9700,2,6428.310749891655,69.639,1790.6702424983696
9701,2,6429.310749891655,69.637,1790.8973679996463
9702,2,6430.310749891655,69.635,1791.124477513647
9703,2,6431.310749891655,69.633,1791.3515710403756
9704,2,6432.310749891655,69.63,2687.3486758865865
9705,2,6433.310749891655,69.628,1791.7799768126483
9706,2,6434.310749891655,69.624,3583.962562180031
9707,2,6435.310749891655,69.621,2688.2545361060925
9708,2,6436.310749891655,69.617,3584.7161447653025
9709,2,6437.310749891655,69.612,4481.301691991987
9710,2,6438.310749891655,69.609,2689.0441827321
9711,2,6439.310749891655,69.607,1792.9101707096547
9712,2,6440.310749891655,69.605,1793.1370802236552
9713,2,6441.310749891655,69.603,1793.3639737503981
9714,2,6442.310749891655,69.601,1793.5908512516557
9715,2,6443.310749891655,69.598,2690.7072392226073
9716,2,6444.310749891655,69.595,2691.0088386291095
9717,2,6445.310749891655,69.59,4485.452883614271
9718,2,6446.310749891655,69.586,3588.68697971207
9719,2,6447.310749891655,69.584,1794.544474120661
9720,2,6448.310749891655,69.582,1794.771227647414
9721,2,6449.310749891655,69.578,3589.944335811324
9722,2,6450.310749891655,69.573,4487.835955799542
9723,2,6451.310749891655,69.567,5385.812266439753
9724,2,6452.310749891655,69.561,5386.182540053004
9725,2,6453.310749891655,69.555,5386.55266969177
9726,2,6454.310749891655,69.55,4489.13448432707
9727,2,6455.310749891655,69.545,4489.507243776816
9728,2,6456.310749891655,69.538,6285.741476194759
9729,2,6457.310749891655,69.532,5388.109235924799
9730,2,6458.310749891655,69.523,8082.543611935963
9731,2,6459.310749891655,69.514,8082.748698594481
9732,2,6460.310749891655,69.504,8980.994798276213
9733,2,6461.310749891655,69.493,9879.130913338477
9734,2,6462.310749891655,69.48,11675.127253972943
9735,2,6463.310749891655,69.468,10776.769224911757
9736,2,6464.310749891655,69.455,11674.538749998275
9737,2,6465.310749891655,69.443,10776.224790461822
9738,2,6466.310749891655,69.428,13469.745602223571
9739,2,6467.310749891655,69.414,12571.081027906623
9740,2,6468.310749891655,69.4,12570.489238092667
9741,2,6469.310749891655,69.386,12569.896664291467
9742,2,6470.310749891655,69.373,11671.580041466746
9743,2,6471.310749891655,69.362,9875.770265757286
9744,2,6472.310749891655,69.348,12568.839137640824
9745,2,6473.310749891655,69.334,12568.243539826868
9746,2,6474.310749891655,69.32,12567.647158025666
9747,2,6475.310749891655,69.304,14362.135638279733
9748,2,6476.310749891655,69.289,13463.570036396522
9749,2,6477.310749891655,69.274,13462.73414155907
9750,2,6478.310749891655,69.26,12564.528219953094
9751,2,6479.310749891655,69.247,11666.58862246286
9752,2,6480.310749891655,69.233,12563.508057026176
9753,2,6481.310749891655,69.22,11665.639924316434
9754,2,6482.310749891655,69.207,11665.24879228297
9755,2,6483.310749891655,69.194,11664.856984236756
9756,2,6484.310749891655,69.181,11664.464500216043
9757,2,6485.310749891655,69.169,10766.912906970534
9758,2,6486.310749891655,69.154,13458.08942785946
9759,2,6487.310749891655,69.141,11663.114322023406
9760,2,6488.310749891655,69.125,14353.804386317108
9761,2,6489.310749891655,69.109,14352.694115213162
9762,2,6490.310749891655,69.092,15248.44641107453
9763,2,6491.310749891655,69.077,13453.46872502721
9764,2,6492.310749891655,69.065,10762.329499338804
9765,2,6493.310749891655,69.053,10762.117129842834
9766,2,6494.310749891655,69.041,10761.904184346866
9767,2,6495.310749891655,69.028,11658.413779040227
9768,2,6496.310749891655,69.014,12554.692199520587
9769,2,6497.310749891655,69.001,11657.442460893804
9770,2,6498.310749891655,68.986,13450.236081680008
9771,2,6499.310749891655,68.972,12552.846774078711
9772,2,6500.310749891655,68.958,12552.230064252011
9773,2,6501.310749891655,68.944,12551.612570438056
9774,2,6502.310749891655,68.932,10758.151163425151
9775,2,6503.310749891655,68.92,10757.93272192918
9776,2,6504.310749891655,68.908,10757.713704433212
9777,2,6505.310749891655,68.896,10757.494110937243
9778,2,6506.310749891655,68.883,11653.628854525878
9779,2,6507.310749891655,68.869,12549.530985863283
9780,2,6508.310749891655,68.856,11652.642274379454
9781,2,6509.310749891655,68.843,11652.232552333253
9782,2,6510.310749891655,68.83,11651.822154312527
9783,2,6511.310749891655,68.817,11651.411080279064
9784,2,6512.310749891655,68.802,13443.265396327868
9785,2,6513.310749891655,68.789,11650.248212053142
9786,2,6514.310749891655,68.777,10753.772071435553
9787,2,6515.310749891655,68.766,9857.489251191957
9788,2,6516.310749891655,68.754,10753.476651901614
9789,2,6517.310749891655,68.74,12545.27573944741
9790,2,6518.310749891655,68.727,11648.684110111582
9791,2,6519.310749891655,68.715,10752.325297039715
9792,2,6520.310749891655,68.703,10752.096751543746
9793,2,6521.310749891655,68.692,9855.950395303866
9794,2,6522.310749891655,68.682,8959.959169548012
9795,2,6523.310749891655,68.671,9855.959315724684
9796,2,6524.310749891655,68.66,9855.891315535942
9797,2,6525.310749891655,68.647,11647.620960751809
9798,2,6526.310749891655,68.636,9855.46670546
9799,2,6527.310749891655,68.624,10751.26408236195
9800,2,6528.310749891655,68.612,10751.031048865982
9801,2,6529.310749891655,68.6,10750.797439370011
9802,2,6530.310749891655,68.59,8958.933317768213
9803,2,6531.310749891655,68.578,10750.64199529407
9804,2,6532.310749891655,68.565,11646.189011245771
9805,2,6533.310749891655,68.553,10750.014040844135
9806,2,6534.310749891655,68.541,10749.777575348166
9807,2,6535.310749891655,68.529,10749.540533852198
9808,2,6536.310749891655,68.516,11644.993187337679
9809,2,6537.310749891655,68.505,9853.237418878809
9810,2,6538.310749891655,68.491,12540.113872886432
9811,2,6539.310749891655,68.478,11643.877103329514
9812,2,6540.310749891655,68.466,10747.875783998361
9813,2,6541.310749891655,68.453,11643.186445329358
9814,2,6542.310749891655,68.439,12538.260044447317
9815,2,6543.310749891655,68.426,11642.152935182934
9816,2,6544.310749891655,68.411,13432.557751244376
9817,2,6545.310749891655,68.398,11640.946438969739
9818,2,6546.310749891655,68.386,10745.166835358568
9819,2,6547.310749891655,68.374,10744.9226178626
9820,2,6548.310749891655,68.362,10744.67782436663
9821,2,6549.310749891655,68.349,11639.716685061654
9822,2,6550.310749891655,68.336,11639.279923040915
9823,2,6551.310749891655,68.324,10743.62552496273
9824,2,6552.310749891655,68.31,12533.757978005984
9825,2,6553.310749891655,68.297,11637.965580940523
9826,2,6554.310749891655,68.283,12532.628671079066
9827,2,6555.310749891655,68.268,13427.01357312734
9828,2,6556.310749891655,68.255,11636.133762601641
9829,2,6557.310749891655,68.24,13425.60196209743
9830,2,6558.310749891655,68.225,13424.698147259978
9831,2,6559.310749891655,68.21,13423.793432422528
9832,2,6560.310749891655,68.196,12528.120474092331
9833,2,6561.310749891655,68.183,11632.724983865126
9834,2,6562.310749891655,68.169,12526.97873517813
9835,2,6563.310749891655,68.159,8947.630279104158
9836,2,6564.310749891655,68.148,9842.37655924915
9837,2,6565.310749891655,68.139,8052.898555534661
9838,2,6566.310749891655,68.132,6263.58412538116
9839,2,6567.310749891655,68.125,6263.894425940387
9840,2,6568.310749891655,68.122,2684.7379042215666
9841,2,6569.310749891655,68.121,895.0226045017623
9853,2,6581.310749891655,68.12,896.6443578675282
9854,2,6582.310749891655,68.113,6277.095582734415
9855,2,6583.310749891655,68.11,2690.395020847575
9866,2,6594.310749891655,68.107,2694.771682254077
9867,2,6595.310749891655,68.102,4491.703409655877
9868,2,6596.310749891655,68.098,3593.6700965453656
9869,2,6597.310749891655,68.095,2695.5226288800845
9870,2,6598.310749891655,68.092,2695.8124382865867
9884,2,6612.310749891655,68.09,1800.9554050792935
9885,2,6613.310749891655,68.083,6303.880553219479
9886,2,6614.310749891655,68.076,6304.185561765989
9887,2,6615.310749891655,68.066,9006.216361109306
9888,2,6616.310749891655,68.057,8105.688613867824
9889,2,6617.310749891655,68.046,9906.994294913653
9890,2,6618.310749891655,68.034,10807.436722143488
9891,2,6619.310749891655,68.022,10807.163320647518
9892,2,6620.310749891655,68.009,11707.377391045362
9893,2,6621.310749891655,67.998,9905.990722761768
9894,2,6622.310749891655,67.989,8104.933547509956
9895,2,6623.310749891655,67.98,8105.084454168474
9896,2,6624.310749891655,67.971,8105.235036826992
9897,2,6625.310749891655,67.963,7204.839931814983
9898,2,6626.310749891655,67.957,5403.888942751847
9899,2,6627.310749891655,67.954,2702.1732939856765
9900,2,6628.310749891655,67.952,1801.6544015453517
9915,2,6643.310749891655,67.95,1805.6784350593432
9929,2,6657.310749891655,67.942,7237.40217940306
9930,2,6658.310749891655,67.937,4523.623031918527
9931,2,6659.310749891655,67.93,6333.464015580375
9932,2,6660.310749891655,67.927,2714.549512644195
9933,2,6661.310749891655,67.925,1809.9047759972043
9946,2,6674.310749891655,67.918,6346.608766374376
9947,2,6675.310749891655,67.91,7253.552868299135
9948,2,6676.310749891655,67.906,3626.999283220687
9949,2,6677.310749891655,67.904,1813.6911458942316
9965,2,6693.310749891655,67.897,6362.708052013886
9966,2,6694.310749891655,67.892,4545.068812093974
9967,2,6695.310749891655,67.886,5454.455417992941
9982,2,6710.310749891655,67.883,2733.1565406062236
9983,2,6711.310749891655,67.877,5466.765284431954
9984,2,6712.310749891655,67.869,7289.3546804343005
9985,2,6713.310749891655,67.861,7289.581344658315
9986,2,6714.310749891655,67.857,3645.011305419637
10000,2,6728.310749891655,67.852,4565.461617781081
10001,2,6729.310749891655,67.846,5478.924060832995
10002,2,6730.310749891655,67.838,7305.563870315323
10003,2,6731.310749891655,67.832,5479.421576627013
10004,2,6732.310749891655,67.831,913.3254732539334
10034,2,6762.310749891655,67.827,3669.4462068396933
10035,2,6763.310749891655,67.813,12843.256581610398
10036,2,6764.310749891655,67.8,11925.270158430538
10037,2,6765.310749891655,67.786,12841.93992668348
10038,2,6766.310749891655,67.772,12841.185736869524
10039,2,6767.310749891655,67.759,11923.345112171153
10040,2,6768.310749891655,67.746,11922.81932613769
10041,2,6769.310749891655,67.734,11005.274644744273
10042,2,6770.310749891655,67.721,11921.941754137228
10043,2,6771.310749891655,67.709,11004.46337829434
10044,2,6772.310749891655,67.699,9170.250540217983
10045,2,6773.310749891655,67.689,9170.249958068005
10046,2,6774.310749891655,67.678,10087.199356082458
10047,2,6775.310749891655,67.666,11003.971897600451
10048,2,6776.310749891655,67.655,10086.748616843013
10049,2,6777.310749891655,67.644,10086.597038641541
10050,2,6778.310749891655,67.634,9169.563216243125
10051,2,6779.310749891655,67.626,7335.756576238697
10052,2,6780.310749891655,67.619,6419.021891588266
10053,2,6781.310749891655,67.615,3668.2551118078754
10069,2,6797.310749891655,67.61,4595.831730766316
10070,2,6798.310749891655,67.607,2757.7415540044044
10089,2,6817.310749891655,67.606,921.7890384295017
10090,2,6818.310749891655,67.604,1843.8075929814042
10104,2,6832.310749891655,67.594,9237.147487643246
10105,2,6833.310749891655,67.585,8313.481024736751
10106,2,6834.310749891655,67.579,5542.516669190343
10107,2,6835.310749891655,67.575,3695.2783563548146
10108,2,6836.310749891655,67.571,3695.600210423947
10121,2,6849.310749891655,67.57,925.6227040555278
10122,2,6850.310749891655,67.561,8331.204077479644
10123,2,6851.310749891655,67.554,6480.003963805908
10124,2,6852.310749891655,67.55,3703.098366217974
10125,2,6853.310749891655,67.549,925.8754289908762
10158,2,6886.310749891655,67.547,1860.6260741436104
10173,2,6901.310749891655,67.542,4661.455839456329
10174,2,6902.310749891655,67.533,8390.966620874857
10175,2,6903.310749891655,67.521,11187.836760190836
10176,2,6904.310749891655,67.509,11187.468966694867
10177,2,6905.310749891655,67.494,13983.565007514877
10178,2,6906.310749891655,67.478,14914.537192555004
10179,2,6907.310749891655,67.464,13049.208580962395
10180,2,6908.310749891655,67.449,13980.313923002523
10181,2,6909.310749891655,67.434,13979.228428165072
10182,2,6910.310749891655,67.42,13046.362642118529
10183,2,6911.310749891655,67.405,13977.262077812666
10184,2,6912.310749891655,67.391,13044.52575778962
10185,2,6913.310749891655,67.379,11180.482677155205
10186,2,6914.310749891655,67.364,13974.8246005903
10187,2,6915.310749891655,67.35,13042.248413061981
10188,2,6916.310749891655,67.334,14904.262352606262
10189,2,6917.310749891655,67.319,13971.549666077946
10190,2,6918.310749891655,67.301,16764.1738767081
10191,2,6919.310749891655,67.286,13968.739138435552
10192,2,6920.310749891655,67.27,14898.70933220372
10193,2,6921.310749891655,67.255,13966.339929438152
10194,2,6922.310749891655,67.241,13034.323492640076
10195,2,6923.310749891655,67.225,14895.198452723875
10196,2,6924.310749891655,67.21,13963.045734925798
10197,2,6925.310749891655,67.194,14892.631456446754
10198,2,6926.310749891655,67.179,13960.6373159284
10199,2,6927.310749891655,67.163,14890.060492196088
10200,2,6928.310749891655,67.147,14888.66266907892
10201,2,6929.310749891655,67.13,15817.600012583845
10202,2,6930.310749891655,67.114,14885.642180927036
10203,2,6931.310749891655,67.095,17674.64140421705
10204,2,6932.310749891655,67.077,16742.19596282097
10205,2,6933.310749891655,67.06,15810.229568985882
10206,2,6934.310749891655,67.043,15808.501866372446
10207,2,6935.310749891655,67.031,11158.138241772109
10208,2,6936.310749891655,67.018,12087.471756263807
10209,2,6937.310749891655,67.007,10227.503805792503
10210,2,6938.310749891655,66.994,12086.627524355874
10211,2,6939.310749891655,66.982,11156.413164330235
10212,2,6940.310749891655,66.974,7437.570134495771
10213,3,6941.310749891655,66.96,13015.485195673145
10234,3,6962.310749891655,66.957,2797.1153060798283
10235,3,6963.310749891655,66.948,8391.799133678496
10236,3,6964.310749891655,66.937,10256.584192237658
10237,3,6965.310749891655,66.927,9324.043582226486
10238,3,6966.310749891655,66.918,8391.652760873556
10239,3,6967.310749891655,66.909,8391.728661532074
10240,3,6968.310749891655,66.9,8391.80423819059
10241,3,6969.310749891655,66.889,10256.588275099024
10242,3,6970.310749891655,66.88,8391.703488320629
10243,3,6971.310749891655,66.87,9324.128127971608
10244,3,6972.310749891655,66.859,10256.401587004095
10245,3,6973.310749891655,66.85,8391.549663515687
10246,3,6974.310749891655,66.839,10256.274928260891
10247,3,6975.310749891655,66.828,10256.05748205942
10248,3,6976.310749891655,66.819,8391.26702511725
10249,3,6977.310749891655,66.808,10255.928139329468
10250,3,6978.310749891655,66.795,12120.202264535948
10251,3,6979.310749891655,66.783,11187.388456188753
10252,3,6980.310749891655,66.772,10254.809424215553
10253,3,6981.310749891655,66.759,12118.878274674049
10254,3,6982.310749891655,66.742,15846.472946158045
10255,3,6983.310749891655,66.727,13980.832537159871
10256,3,6984.310749891655,66.719,7456.226658649447
10257,3,6985.310749891655,66.713,5592.383903877471
10258,3,6986.310749891655,66.706,6524.74615756998
10259,3,6987.310749891655,66.7,5592.895067400489
10260,3,6988.310749891655,66.693,6525.342151026746
10261,3,6989.310749891655,66.683,9322.063105767016
10262,3,6990.310749891655,66.673,9321.998803630286
10263,3,6991.310749891655,66.66,12118.241670803827
10264,3,6992.310749891655,66.65,9321.449460672087
10265,3,6993.310749891655,66.639,10253.445361974616
10266,3,6994.310749891655,66.631,7457.054349100354
10267,3,6995.310749891655,66.623,7457.2251093243685
10268,3,6996.310749891655,66.614,8389.507098450149
10269,3,6997.310749891655,66.603,10253.768207860703
10270,3,6998.310749891655,66.595,7457.287962108416
10271,3,6999.310749891655,66.587,7457.457634332431
10272,3,7000.310749891655,66.58,6525.472671420417
10273,3,7001.310749891655,66.575,4661.2976645048775
10274,3,7002.310749891655,66.567,7458.413262905713
10275,3,7003.310749891655,66.559,7458.581975116477
10276,3,7004.310749891655,66.549,9323.297952957306
10277,3,7005.310749891655,66.536,12119.923154946178
10278,3,7006.310749891655,66.526,9322.737210025603
10279,3,7007.310749891655,66.516,9322.666367862377
10280,3,7008.310749891655,66.51,5593.725274890737
10281,3,7009.310749891655,66.505,4661.717346993202
10282,3,7010.310749891655,66.5,4662.0319064424575
10283,3,7011.310749891655,66.493,6527.186753927051
10284,3,7012.310749891655,66.489,3730.044432559675
10285,3,7013.310749891655,66.484,4662.904851735727
10286,3,7014.310749891655,66.476,7460.982058440621
10287,3,7015.310749891655,66.472,3730.686134310942
10288,3,7016.310749891655,66.466,5596.405910814793
10289,3,7017.310749891655,66.459,6529.432219996848
10290,3,7018.310749891655,66.448,10260.608895203579
10291,3,7019.310749891655,66.443,4664.016124315018
10292,3,7020.310749891655,66.442,932.8939940038069
10390,3,7118.310749891655,66.441,945.9024873689273
10391,3,7119.310749891655,66.432,8513.677595433508
10392,3,7120.310749891655,66.422,9459.617643665899
10393,3,7121.310749891655,66.412,9459.521921502477
10394,3,7122.310749891655,66.402,9459.425799365943
10395,3,7123.310749891655,66.392,9459.329277215964
10396,3,7124.310749891655,66.381,10405.077223144925
10397,3,7125.310749891655,66.372,8513.157401823624
10398,3,7126.310749891655,66.364,7567.343869576756
10399,3,7127.310749891655,66.357,6621.606670259324
10400,3,7128.310749891655,66.351,5675.903177979946
10401,3,7129.310749891655,66.346,4730.190742887563
10413,3,7141.310749891655,66.337,8527.774808051194
10414,3,7142.310749891655,66.33,6632.842581795873
10415,3,7143.310749891655,66.326,3790.412123355142
10434,3,7162.310749891655,66.319,6650.312965926902
10435,3,7163.310749891655,66.309,9500.555781371166
10436,3,7164.310749891655,66.298,10450.415311715606
10437,3,7165.310749891655,66.288,9500.19891085621
10438,3,7166.310749891655,66.278,9500.09150869273
10439,3,7167.310749891655,66.267,10449.90323679768
10440,3,7168.310749891655,66.26,6649.963031247492
10441,3,7169.310749891655,66.251,8550.112831010363
10442,3,7170.310749891655,66.243,7600.185219978448
10443,3,7171.310749891655,66.233,9500.26562901783
10444,3,7172.310749891655,66.225,7600.23949848248
10445,3,7173.310749891655,66.213,11400.227149130244
10446,3,7174.310749891655,66.204,8550.006359115952
10447,3,7175.310749891655,66.193,10449.885790883356
10448,3,7176.310749891655,66.183,9499.713118267939
10449,3,7177.310749891655,66.177,5699.933105134173
10450,3,7178.310749891655,66.171,5700.210426760182
10451,3,7179.310749891655,66.17,950.1171639559483
10466,3,7194.310749891655,66.169,952.0878903344578
10467,3,7195.310749891655,66.161,7617.24377226108
10468,3,7196.310749891655,66.156,4760.971247462741
10469,3,7197.310749891655,66.152,3809.0471627913157
10470,3,7198.310749891655,66.151,952.358107147463
10474,3,7202.310749891655,66.148,2858.5755296998564
10475,3,7203.310749891655,66.141,6670.431430538145
10476,3,7204.310749891655,66.135,5717.744452516228
10477,3,7205.310749891655,66.127,7623.9104832266785
10478,3,7206.310749891655,66.116,10482.825677473027
10479,3,7207.310749891655,66.105,10482.536181271553
10480,3,7208.310749891655,66.095,9529.386811361643
10481,3,7209.310749891655,66.087,7623.528908333205
10482,3,7210.310749891655,66.077,9529.435099491682
10483,3,7211.310749891655,66.065,11435.00430134663
10484,3,7212.310749891655,66.052,12387.295171456108
10485,3,7213.310749891655,66.043,8575.580551562769
10486,3,7214.310749891655,66.033,9528.373066031778
10487,3,7215.310749891655,66.025,7622.716056069314
10488,3,7216.310749891655,66.016,8575.639989538322
10489,3,7217.310749891655,66.007,8575.65915419684
10490,3,7218.310749891655,65.997,9528.458922291855
10491,3,7219.310749891655,65.987,9528.335100141876
10492,3,7220.310749891655,65.974,12386.392549255328
10493,3,7221.310749891655,65.962,11433.010261172898
10494,3,7222.310749891655,65.952,9527.239002616952
10495,3,7223.310749891655,65.942,9527.113480466973
10496,3,7224.310749891655,65.932,9526.987558303455
10497,3,7225.310749891655,65.922,9526.861236167017
10498,3,7226.310749891655,65.908,13337.02364621103
10499,3,7227.310749891655,65.893,14288.501762197593
10500,3,7228.310749891655,65.877,15239.592120216663
10501,3,7229.310749891655,65.863,13333.451574666167
10502,3,7230.310749891655,65.847,15236.867661896766
10503,3,7231.310749891655,65.835,11426.801546007227
10504,3,7232.310749891655,65.821,13330.479457224294
10505,3,7233.310749891655,65.809,11425.448328099295
10506,3,7234.310749891655,65.795,13328.899246998375
10507,3,7235.310749891655,65.782,12376.006273005405
10508,3,7236.310749891655,65.77,11423.413821237396
10509,3,7237.310749891655,65.758,11422.908099741428
10510,3,7238.310749891655,65.746,11422.401802245458
10511,3,7239.310749891655,65.734,11421.89492874949
10512,3,7240.310749891655,65.721,12373.07564514255
10513,3,7241.310749891655,65.709,11420.705662299557
10514,3,7242.310749891655,65.697,11420.197036803587
10515,3,7243.310749891655,65.687,9516.55139564252
10516,3,7244.310749891655,65.676,10467.978323414081
10517,3,7245.310749891655,65.664,11419.189366689672
10518,3,7246.310749891655,65.648,15224.440915041452
10519,3,7247.310749891655,65.633,14271.513038348436
10520,3,7248.310749891655,65.619,13318.97395562291
10521,3,7249.310749891655,65.606,12366.780441013896
10522,3,7250.310749891655,65.593,12366.035760966915
10523,3,7251.310749891655,65.581,11414.20123567589
10524,3,7252.310749891655,65.566,14266.781968741156
10525,3,7253.310749891655,65.552,13314.554384656118
10526,3,7254.310749891655,65.537,14264.40512838875
10527,3,7255.310749891655,65.522,14263.106573551298
10528,3,7256.310749891655,65.511,10458.97783140549
10529,3,7257.310749891655,65.499,11409.3633761201
10530,3,7258.310749891655,65.487,11408.845102624131
10531,3,7259.310749891655,65.475,11408.326253128163
10532,3,7260.310749891655,65.463,11407.806827632194
10533,3,7261.310749891655,65.45,12357.799664598824
10534,3,7262.310749891655,65.438,11406.59195318226
10535,3,7263.310749891655,65.425,12356.482250624902
10536,3,7264.310749891655,65.414,10455.00669625171
10537,3,7265.310749891655,65.402,11405.026692694353
10538,3,7266.310749891655,65.391,10454.208401012267
10539,3,7267.310749891655,65.379,11404.154721160414
10540,3,7268.310749891655,65.366,12353.838756934569
10541,3,7269.310749891655,65.353,12353.081414901104
10542,3,7270.310749891655,65.342,10452.125898023884
10543,3,7271.310749891655,65.333,8551.606790179152
10544,3,7272.310749891655,65.324,8551.60475083767
10545,3,7273.310749891655,65.314,9501.70769744832
10546,3,7274.310749891655,65.304,9501.55921528484
10547,3,7275.310749891655,65.292,11401.51779231464
10548,3,7276.310749891655,65.283,8550.93848550425
10549,3,7277.310749891655,65.272,10450.982354469052
10550,3,7278.310749891655,65.261,10450.657108281079
10551,3,7279.310749891655,65.253,7600.415705686663
10552,3,7280.310749891655,65.245,7600.527937910678
10553,3,7281.310749891655,65.234,10450.639598695643
10554,3,7282.310749891655,65.223,10450.312548480668
10555,3,7287.310749891655,65.173,47511.80862714091
10556,3,7288.310749891655,65.164,8549.429023877981
10557,3,7289.310749891655,65.153,10449.132198925836
10558,3,7290.310749891655,65.141,11398.604986157034
10559,3,7291.310749891655,65.131,9498.536340103718
10560,3,7292.310749891655,65.122,8548.608168951065
10561,3,7293.310749891655,65.115,6649.012384940228
10562,3,7294.310749891655,65.106,8548.851961455095
10563,3,7295.310749891655,65.096,9498.640502565293
10564,3,7296.310749891655,65.087,8548.700601178632
10565,3,7297.310749891655,65.077,9498.471564493833
10566,3,7298.310749891655,65.067,9498.313542343854
10567,3,7299.310749891655,65.058,8548.405301953691
10568,3,7300.310749891655,65.05,7598.630648384515
10569,3,7301.310749891655,65.043,6648.945935690839
10570,3,7302.310749891655,65.036,6649.140960250848
10571,3,7303.310749891655,65.029,6649.335788797359
10572,3,7304.310749891655,65.022,6649.53042133037
10573,3,7305.310749891655,65.01,11399.090009159374
10574,3,7306.310749891655,65.0,9498.934605939
10575,3,7307.310749891655,64.992,7599.135511995117
10576,3,7308.310749891655,64.981,10448.713804061745
10577,3,7309.310749891655,64.973,7598.993353527149
10578,3,7310.310749891655,64.963,9498.72537598408
10579,3,7311.310749891655,64.954,8548.772028243391
10580,3,7312.310749891655,64.943,10448.319524261335
10581,3,7313.310749891655,64.931,11397.707043977578
10582,3,7314.310749891655,64.92,10447.476217021891
10583,3,7315.310749891655,64.91,9497.467946589195
10584,3,7316.310749891655,64.901,8547.638532787994
10585,3,7317.310749891655,64.891,9497.28396849074
10586,3,7318.310749891655,64.882,8547.472268511532
10587,3,7319.310749891655,64.872,9497.098470419278
10588,3,7320.310749891655,64.86,11396.142650459762
10589,3,7321.310749891655,64.849,10446.038856630561
10590,3,7322.310749891655,64.84,8546.608429584614
10591,3,7323.310749891655,64.832,7597.02681248889
10592,3,7324.310749891655,64.823,8546.701592495147
10593,3,7325.310749891655,64.811,11395.312005004394
10594,3,7326.310749891655,64.802,8546.266037031688
10595,3,7327.310749891655,64.79,11394.730256399946
10596,3,7328.310749891655,64.778,11394.174806903977
10597,3,7329.310749891655,64.767,10444.23117205125
10598,3,7330.310749891655,64.759,7595.726641519523
10599,3,7331.310749891655,64.749,9494.633925974542
10600,3,7332.310749891655,64.738,10443.828142779326
10601,3,7333.310749891655,64.728,9494.144095459587
10602,3,7334.310749891655,64.719,8544.640712771348
10603,3,7335.310749891655,64.709,9493.945997361137
10604,3,7336.310749891655,64.699,9493.77301522465
10605,3,7337.310749891655,64.692,6645.673826679366
10606,3,7338.310749891655,64.684,7595.210332619652
10607,3,7339.310749891655,64.674,9493.985599836213
10608,3,7340.310749891655,64.663,10443.111486055497
10609,3,7341.310749891655,64.654,8544.206540193976
10610,3,7342.310749891655,64.642,11391.976928616328
10611,3,7343.310749891655,64.633,8543.758474730517
10612,3,7344.310749891655,64.622,10442.177745745603
10613,3,7345.310749891655,64.614,7594.228640579775
10614,3,7346.310749891655,64.602,11391.130678296433
10615,3,7347.310749891655,64.592,9492.28465021988
10616,3,7348.310749891655,64.583,8542.962370055615
10617,3,7349.310749891655,64.573,9492.075792134921
10618,3,7350.310749891655,64.564,8542.77371377915
10619,3,7351.310749891655,64.555,8542.74503442418
10620,3,7352.310749891655,64.547,7593.584179469381
10621,3,7353.310749891655,64.537,9491.947648381512
10622,3,7354.310749891655,64.526,10440.863491455322
10623,3,7355.310749891655,64.515,10440.50319924036
10624,3,7356.310749891655,64.505,9491.11212951507
10625,3,7357.310749891655,64.495,9490.930867351603
10626,3,7358.310749891655,64.483,11388.722446794744
10627,3,7359.310749891655,64.473,9490.272770635138
10628,3,7360.310749891655,64.462,10439.018331905987
10629,3,7361.310749891655,64.448,13285.25196276896
10630,3,7362.310749891655,64.436,11386.60870425538
10631,3,7363.310749891655,64.425,10437.27945196906
10632,3,7364.310749891655,64.413,11385.636820734924
10633,3,7365.310749891655,64.403,9487.698695571806
10634,3,7366.310749891655,64.39,12333.480385345309
10635,3,7367.310749891655,64.379,10435.493617476686
10636,3,7368.310749891655,64.366,12332.231177437376
10637,3,7369.310749891655,64.355,10434.435539400743
10638,3,7370.310749891655,64.344,10434.067855212748
10639,3,7371.310749891655,64.335,8536.796063868098
10640,3,7372.310749891655,64.327,7588.289965616275
10641,3,7373.310749891655,64.316,10433.772962777337
10642,3,7374.310749891655,64.306,9484.985972730497
10643,3,7375.310749891655,64.295,10433.195715210886
10644,3,7376.310749891655,64.286,8536.080712786694
10645,3,7377.310749891655,64.276,9484.418246280562
10646,3,7378.310749891655,64.266,9484.228204117106
10647,3,7379.310749891655,64.257,8535.700399575251
10648,3,7380.310749891655,64.248,8535.661496233768
10649,3,7381.310749891655,64.24,7587.2788450659045
10650,3,7382.310749891655,64.23,9484.054620377183
10651,3,7383.310749891655,64.221,8535.542842209321
10652,3,7384.310749891655,64.213,7587.172534821952
10653,3,7385.310749891655,64.205,7587.254687032487
10654,3,7386.310749891655,64.198,6638.971214533111
10655,3,7387.310749891655,64.192,5690.740963071753
10656,3,7388.310749891655,64.186,5690.979344684282
10657,3,7389.310749891655,64.177,8536.626862095407
10658,3,7390.310749891655,64.173,3794.185538999013
10659,3,7391.310749891655,64.17,2845.868986720142
10660,3,7392.310749891655,64.166,3794.7983695970197
10775,3,7507.310749891655,64.156,9633.531300467208
10776,3,7508.310749891655,64.149,6743.476675358761
10777,3,7509.310749891655,64.142,6743.638897905271
10778,3,7510.310749891655,64.137,4817.075763422377
10779,3,7511.310749891655,64.135,1926.981705015714
10820,3,7552.310749891655,64.129,5812.13751614484
10821,3,7553.310749891655,64.116,12592.766382563186
10822,3,7554.310749891655,64.103,12591.88021052972
10823,3,7555.310749891655,64.091,11622.54607525977
10824,3,7556.310749891655,64.08,10653.498956363812
10825,3,7557.310749891655,64.07,9684.69372599111
10826,3,7558.310749891655,64.06,9684.46356382737
10827,3,7559.310749891655,64.05,9684.233001691155
10828,3,7560.310749891655,64.042,7747.322596596681
10829,3,7561.310749891655,64.029,12589.000177646929
10830,3,7562.310749891655,64.017,11619.883707367962
10831,3,7563.310749891655,64.003,13555.570590811742
10832,3,7564.310749891655,63.989,13554.397661004665
10833,3,7565.310749891655,63.977,11617.230665048066
10834,3,7566.310749891655,63.964,12584.53772747273
10835,3,7567.310749891655,63.953,10647.864581128617
10836,3,7568.310749891655,63.942,10647.440136934021
10837,3,7569.310749891655,63.928,13550.42871824385
10838,3,7570.310749891655,63.915,12581.54608357737
10839,3,7571.310749891655,63.902,12580.648939543908
10840,3,7572.310749891655,63.889,12579.751119510443
10841,3,7573.310749891655,63.877,11611.339455248328
10842,3,7574.310749891655,63.866,10643.216959360201
10843,3,7575.310749891655,63.853,12577.644477648546
10844,3,7576.310749891655,63.842,10642.027013284258
10845,3,7577.310749891655,63.831,10641.597949075911
10846,3,7578.310749891655,63.818,12575.729255873017
10847,3,7579.310749891655,63.805,12574.826885832681
10848,3,7580.310749891655,63.793,11606.789892776545
10849,3,7581.310749891655,63.782,10639.042908094401
10850,3,7582.310749891655,63.769,12572.707139970782
10851,3,7583.310749891655,63.757,11604.831440288637
10852,3,7584.310749891655,63.744,12571.093663983353
10853,3,7585.310749891655,63.731,12570.18734194989
10854,3,7586.310749891655,63.72,10635.711805231547
10855,3,7587.310749891655,63.709,10635.277637023204
10856,3,7588.310749891655,63.697,11601.555832808795
10857,3,7589.310749891655,63.686,10634.24088379063
10858,3,7590.310749891655,63.674,11600.423725274853
10859,3,7591.310749891655,63.662,11599.765747778885
10860,3,7592.310749891655,63.65,11599.107194282917
10861,3,7593.310749891655,63.638,11598.448064786948
10862,3,7594.310749891655,63.626,11597.788359290978
10863,3,7595.310749891655,63.613,12563.456678569222
10864,3,7596.310749891655,63.601,11596.284908841044
10865,3,7597.310749891655,63.59,10629.405067479991
10866,3,7598.310749891655,63.577,12561.306980714191
10867,3,7599.310749891655,63.565,11594.298808353136
10868,3,7600.310749891655,63.555,9661.515025260349
10869,3,7601.310749891655,63.543,11593.336724277195
10870,3,7602.310749891655,63.531,11592.672434781225
10871,3,7603.310749891655,63.519,11592.007569285257
10872,3,7604.310749891655,63.508,10625.480597887186
10873,3,7605.310749891655,63.497,10625.037409692577
10874,3,7606.310749891655,63.486,10624.593737491103
10875,3,7607.310749891655,63.475,10624.149581282767
10876,3,7608.310749891655,63.464,10623.704941088155
10877,3,7609.310749891655,63.452,11588.919397599431
10878,3,7610.310749891655,63.441,10622.646781841848
10879,3,7611.310749891655,63.428,12553.311985869108
10880,3,7612.310749891655,63.418,9655.911693805647
10881,3,7613.310749891655,63.406,11586.60627053155
10882,3,7614.310749891655,63.395,10620.524391362958
10883,3,7615.310749891655,63.383,11585.44639499761
10884,3,7616.310749891655,63.371,11584.774233501641
10885,3,7617.310749891655,63.361,9653.570259557631
10886,3,7618.310749891655,63.35,10618.561507720566
10887,3,7619.310749891655,63.341,8687.682883931042
10888,3,7620.310749891655,63.328,12548.342850912528
10889,3,7621.310749891655,63.318,9652.085212312724
10890,3,7622.310749891655,63.305,12547.078103084094
10891,3,7623.310749891655,63.293,11581.150731777843
10892,3,7624.310749891655,63.282,10615.518464845587
10893,3,7625.310749891655,63.27,11579.979912237048
10894,3,7626.310749891655,63.26,9649.570991842847
10895,3,7627.310749891655,63.25,9649.310829686014
10896,3,7628.310749891655,63.24,9649.050267536035
10897,3,7629.310749891655,63.229,10613.584313511212
10898,3,7630.310749891655,63.218,10613.128937302883
10899,3,7631.310749891655,63.206,11577.36996293207
10900,3,7632.310749891655,63.196,9647.393434082986
10901,3,7633.310749891655,63.187,8682.486412532342
10902,3,7634.310749891655,63.176,10611.638502169984
10903,3,7635.310749891655,63.167,8682.012594662381
10904,3,7636.310749891655,63.157,9646.49319169807
10905,3,7637.310749891655,63.147,9646.228969541236
10906,3,7638.310749891655,63.135,11574.973897414255
10907,3,7639.310749891655,63.123,11574.289159918286
10908,3,7640.310749891655,63.11,12537.971509582143
10909,3,7641.310749891655,63.099,10608.42407276652
10910,3,7642.310749891655,63.087,11572.231491423527
10911,3,7643.310749891655,63.076,10607.333155527076
10912,3,7644.310749891655,63.063,12535.194277845778
10913,3,7645.310749891655,63.051,11570.168638942474
10914,3,7646.310749891655,63.041,9641.386150758319
10915,3,7647.310749891655,63.028,12533.154646063374
10916,3,7648.310749891655,63.016,11568.284161912563
10917,3,7649.310749891655,63.004,11567.593688416595
10918,3,7650.310749891655,62.991,12530.71173812198
10919,3,7651.310749891655,62.978,12529.763530088518
10920,3,7652.310749891655,62.963,14456.095022282123
10921,3,7653.310749891655,62.95,12527.467113862596
10922,3,7654.310749891655,62.935,14453.443631252214
10923,3,7655.310749891655,62.922,12525.167785643522
10924,3,7656.310749891655,62.908,13487.510143220085
10925,3,7657.310749891655,62.895,12523.064635490253
10926,3,7658.310749891655,62.882,12522.111565463632
10927,3,7659.310749891655,62.867,14447.260012322433
10928,3,7660.310749891655,62.855,11556.835057174982
10929,3,7661.310749891655,62.842,12519.049105276901
10930,3,7662.310749891655,62.829,12518.093305243437
10931,3,7663.310749891655,62.817,11554.37210977108
10932,3,7664.310749891655,62.805,11553.672540275113
10933,3,7665.310749891655,62.792,12515.620445302044
10934,3,7666.310749891655,62.779,12514.66199326858
10935,3,7667.310749891655,62.766,12513.702865241956
10936,3,7668.310749891655,62.753,12512.743061201652
10937,3,7669.310749891655,62.743,9624.678218682116
10938,3,7670.310749891655,62.731,11549.094852383305
10939,3,7671.310749891655,62.72,10586.109653733918
10940,3,7672.310749891655,62.707,12510.093965544784
10941,3,7673.310749891655,62.696,10584.818067657976
10942,3,7674.310749891655,62.683,12508.566297636851
10943,3,7675.310749891655,62.671,11545.57084490346
10944,3,7676.310749891655,62.659,11544.86431540749
10945,3,7677.310749891655,62.649,9620.28455447232
10946,3,7678.310749891655,62.638,10581.917708141113
10947,3,7679.310749891655,62.627,10581.437471932804
10948,3,7680.310749891655,62.616,10580.956751738166
10949,3,7681.310749891655,62.604,11542.244785217634
10950,3,7682.310749891655,62.593,10579.824848491886
10951,3,7683.310749891655,62.584,8655.964107653019
10952,3,7684.310749891655,62.573,10579.198085768769
10953,3,7685.310749891655,62.566,6732.124713512821
10954,3,7686.310749891655,62.557,8655.60833962857
10955,3,7687.310749891655,62.549,7693.829589410133
10956,3,7688.310749891655,62.541,7693.8463336341465
10957,3,7689.310749891655,62.53,10578.807632792536
10958,3,7690.310749891655,62.52,9616.733592737603
10959,3,7691.310749891655,62.511,8654.87046932766
10960,3,7692.310749891655,62.5,10577.85805070444
10961,3,7693.310749891655,62.49,9615.869106287666
10962,3,7694.310749891655,62.484,5769.532749941977
10963,3,7695.310749891655,62.477,6731.296086325288
10964,3,7696.310749891655,62.471,5769.8318134649935
10965,3,7697.310749891655,62.464,6731.644629761975
10966,3,7698.310749891655,62.456,7693.383831007461
10967,3,7699.310749891655,62.448,7693.397679238308
10968,3,7700.310749891655,62.441,6731.78876470051
10969,3,7701.310749891655,62.433,7693.547828658334
10970,3,7702.310749891655,62.426,6731.919725443033
10971,3,7703.310749891655,62.42,5770.36520328606
10972,3,7704.310749891655,62.414,5770.559568912068
10973,3,7705.310749891655,62.406,7694.21510241438
10974,3,7706.310749891655,62.399,6732.502791979573
10975,3,7707.310749891655,62.391,7694.362467834407
10976,3,7708.310749891655,62.385,5770.873092771106
10977,3,7709.310749891655,62.378,6732.857159619105
10978,3,7710.310749891655,62.37,7694.766763422444
10979,3,7711.310749891655,62.363,6732.984466361628
10980,3,7712.310749891655,62.357,5771.276380359142
10981,3,7713.310749891655,62.354,2885.804090789324
10994,3,7726.310749891655,62.344,9634.554978897979
10995,3,7727.310749891655,62.334,9634.256496748001
10996,3,7728.310749891655,62.326,7707.289744654524
10997,3,7729.310749891655,62.321,4817.17698521119
10998,3,7730.310749891655,62.317,3853.9618849778485
10999,3,7731.310749891655,62.315,1927.1374427633486
11014,3,7746.310749891655,62.309,5792.257385367205
11015,3,7747.310749891655,62.299,9653.768979223072
11016,3,7748.310749891655,62.294,4826.926406308724
11017,3,7749.310749891655,62.29,3861.7605218558674
11031,3,7763.310749891655,62.286,3868.4887999118673
11032,3,7764.310749891655,62.28,5803.014797226244
11033,3,7765.310749891655,62.275,4836.04140226625
11034,3,7766.310749891655,62.273,1934.5569425505032
11045,3,7777.310749891655,62.264,8717.066539733645
11046,3,7778.310749891655,62.255,8716.927286392161
11047,3,7779.310749891655,62.245,9685.241883620065
11048,3,7780.310749891655,62.238,6779.614961549303
11049,3,7781.310749891655,62.233,4842.7376517512985
11050,3,7782.310749891655,62.23,2905.8292285914054
11062,3,7794.310749891655,62.224,5820.198900402316
11063,3,7795.310749891655,62.215,8730.366069645348
11064,3,7796.310749891655,62.208,6790.282607041238
11065,3,7797.310749891655,62.205,2910.2604669789216
11066,3,7798.310749891655,62.204,970.1800420810098
11077,3,7809.310749891655,62.201,2914.5519115209245
11078,3,7810.310749891655,62.192,8743.931866001785
11079,3,7811.310749891655,62.185,6800.8317799728775
11080,3,7812.310749891655,62.179,5829.421284597376
11081,3,7813.310749891655,62.175,3886.4657799728575
11082,3,7814.310749891655,62.173,1943.387826250526
11097,3,7829.310749891655,62.167,5840.978991849392
11098,3,7830.310749891655,62.157,9734.955536700281
11099,3,7831.310749891655,62.148,8761.239744880955
11100,3,7832.310749891655,62.141,6814.290495557857
11101,3,7833.310749891655,62.136,4867.501800316999
11102,3,7834.310749891655,62.134,1947.1395937804516
11103,3,7835.310749891655,62.133,973.6705609545171
11115,3,7847.310749891655,62.127,5850.641002689445
11116,3,7848.310749891655,62.116,10726.074397489394
11117,3,7849.310749891655,62.105,10725.54153728792
11118,3,7850.310749891655,62.096,8775.148009025974
11119,3,7851.310749891655,62.086,9749.914715428515
11120,3,7852.310749891655,62.078,7799.7944955920575
11121,3,7853.310749891655,62.072,5849.931177594516
11122,3,7854.310749891655,62.068,3900.136545970967
11123,3,7855.310749891655,62.067,975.118999935528
11140,3,7872.310749891655,62.058,8794.355146473048
11141,3,7873.310749891655,62.047,10748.289536771064
11142,3,7874.310749891655,62.04,6839.697186150585
11143,3,7875.310749891655,62.035,4885.645906466535
11144,3,7876.310749891655,62.033,1954.3962442305608
11380,3,8117.310749891655,62.02,13090.697755930136
11381,3,8118.310749891655,62.006,14096.342526927794
11382,3,8119.310749891655,61.993,13088.223377783712
11383,3,8120.310749891655,61.98,13087.0906997574
11384,3,8121.310749891655,61.968,12079.442697924156
11385,3,8122.310749891655,61.954,14091.46189847595
11386,3,8123.310749891655,61.94,14090.012468661991
11387,3,8124.310749891655,61.924,16100.954027591506
11388,3,8125.310749891655,61.909,15092.724091370572
11389,3,8126.310749891655,61.895,14084.976865109978
11390,3,8127.310749891655,61.882,13077.663854966673
11391,3,8128.310749891655,61.868,14082.298374183061
11392,3,8129.310749891655,61.857,11063.788697836597
11393,3,8130.310749891655,61.846,11063.182137635122
11394,3,8131.310749891655,61.837,9051.344167302843
11395,3,8132.310749891655,61.827,10056.740765751161
11396,3,8133.310749891655,61.815,12067.425692857705
11397,3,8134.310749891655,61.802,13072.00819559975
11398,3,8135.310749891655,61.791,11060.142076627753
11399,3,8136.310749891655,61.779,12064.847032362655
11400,3,8137.310749891655,61.77,9048.20945254562
11401,3,8138.310749891655,61.76,10053.255269346306
11402,3,8139.310749891655,61.753,7037.174820557461
11403,3,8140.310749891655,61.745,8042.496775923642
11404,3,8141.310749891655,61.734,11058.090010940246
11405,3,8142.310749891655,61.721,13067.716657167623
11406,3,8143.310749891655,61.709,12061.54615030284
11407,3,8144.310749891655,61.697,12060.681748814013
11408,3,8145.310749891655,61.687,10050.010215651462
11409,3,8146.310749891655,61.675,12059.34224073807
11410,3,8147.310749891655,61.663,12058.4761592421
11411,3,8148.310749891655,61.652,11052.898341347443
11412,3,8149.310749891655,61.64,12056.93785170816
11413,3,8150.310749891655,61.629,11051.487214115137
11414,3,8151.310749891655,61.618,11050.870555906526
11415,3,8152.310749891655,61.607,11050.25341371219
11416,3,8153.310749891655,61.598,9040.757858463954
11417,3,8154.310749891655,61.585,13058.141994348865
11418,3,8155.310749891655,61.573,12052.701136022335
11419,3,8156.310749891655,61.561,12051.830014526366
11420,3,8157.310749891655,61.548,13055.098798407469
11421,3,8158.310749891655,61.537,11045.822465157355
11422,3,8159.310749891655,61.526,11045.201846948747
11423,3,8160.310749891655,61.513,13052.474166632202
11424,3,8161.310749891655,61.501,12047.46576704652
11425,3,8162.310749891655,61.489,12046.591189550552
11426,3,8163.310749891655,61.477,12045.716036054584
11427,3,8164.310749891655,61.466,11041.193421758891
11428,3,8165.310749891655,61.456,10036.963279979824
11429,3,8166.310749891655,61.446,10036.559237836977
11430,3,8167.310749891655,61.436,10036.154795679868
11431,3,8168.310749891655,61.425,11039.23509746962
11432,3,8169.310749891655,61.415,10035.181325164913
11433,3,8170.310749891655,61.403,12041.534708162775
11434,3,8171.310749891655,61.392,11037.35713885807
11435,3,8172.310749891655,61.38,12039.971224628836
11436,3,8173.310749891655,61.37,10032.73894549714
11437,3,8174.310749891655,61.363,7022.8037688630575
11438,3,8175.310749891655,61.354,9029.24648365043
11439,3,8176.310749891655,61.344,10032.169763900067
11440,3,8177.310749891655,61.334,10031.761281750089
11441,3,8178.310749891655,61.321,13040.439165368738
11442,3,8179.310749891655,61.31,11033.407622265266
11443,3,8180.310749891655,61.299,11032.77692807092
11444,3,8181.310749891655,61.289,10029.305222075187
11445,3,8182.310749891655,61.278,11031.69409850447
11446,3,8183.310749891655,61.266,12033.787590417132
11447,3,8184.310749891655,61.256,10027.58121698026
11448,3,8185.310749891655,61.243,13035.00096016083
11449,3,8186.310749891655,61.233,10026.265954042432
11450,3,8187.310749891655,61.222,11028.348516653477
11451,3,8188.310749891655,61.212,10025.276383520355
11452,3,8189.310749891655,61.2,12029.638890189304
11453,3,8190.310749891655,61.186,14033.311200110267
11454,3,8191.310749891655,61.171,15033.963141367969
11455,3,8192.310749891654,61.156,15032.111956530516
11456,3,8193.310749891654,61.142,14028.357253259279
11457,3,8194.310749891654,61.129,13025.045406105271
11458,3,8195.310749891654,61.115,14025.585942332362
11459,3,8196.310749891654,61.103,12020.840486763555
11460,3,8197.310749891654,61.088,15024.563967600736
11461,3,8198.310749891654,61.073,15022.707592763285
11462,3,8199.310749891654,61.058,15020.850317925833
11463,3,8200.310749891654,61.044,14017.840804568694
11464,3,8201.310749891654,61.029,15017.379107566314
11465,3,8202.310749891654,61.015,14014.599384239782
11466,3,8203.310749891654,61.002,13012.263781002013
11467,3,8204.310749891654,60.988,14011.814157312863
11468,3,8205.310749891654,60.975,13009.67609485559
11469,3,8206.310749891654,60.963,12007.933442643918
11470,3,8207.310749891654,60.95,13007.51238086816
11471,3,8208.310749891654,60.938,12005.934968193982
11472,3,8209.310749891654,60.925,13005.346066887838
11473,3,8210.310749891654,60.912,13004.155200847266
11474,3,8211.310749891654,60.899,13002.963658813804
11475,3,8212.310749891654,60.888,11001.67958227039
11476,3,8213.310749891654,60.874,14000.9680093921
11477,3,8214.310749891654,60.862,11999.72800138618
11478,3,8215.310749891654,60.849,12998.61792684605
11479,3,8216.310749891654,60.835,13997.109802053219
11480,3,8217.310749891654,60.823,11996.41909452428
11481,3,8218.310749891654,60.81,12995.031288738555
11482,3,8219.310749891654,60.798,11994.407300074346
11483,3,8220.310749891654,60.785,12992.850544758228
11484,3,8221.310749891654,60.774,10993.117447902558
11485,3,8222.310749891654,60.765,8993.982836080077
11486,3,8223.310749891654,60.754,10992.173489179706
11487,3,8224.310749891654,60.742,11990.65030642649
11488,3,8225.310749891654,60.73,11989.739368930523
11489,3,8226.310749891654,60.719,10989.84935689519
11490,3,8227.310749891654,60.707,11988.113221396583
11491,3,8228.310749891654,60.696,10988.357709662843
11492,3,8229.310749891654,60.684,11986.484865862642
11493,3,8230.310749891654,60.674,9988.140519851526
11494,3,8231.310749891654,60.663,10986.388077058422
11495,3,8232.310749891654,60.651,11984.334555741632
11496,3,8233.310749891654,60.64,10984.891435818978
11497,3,8234.310749891654,60.628,11982.700752214787
11498,3,8235.310749891654,60.618,9984.984871811648
11499,3,8236.310749891654,60.609,8986.169189494381
11500,3,8237.310749891654,60.597,11980.937841016868
11501,3,8238.310749891654,60.588,8985.237194030922
11502,3,8239.310749891654,60.576,11979.694172398922
11503,3,8240.310749891654,60.564,11978.774930902953
11504,3,8241.310749891654,60.554,9981.710754051788
11505,3,8242.310749891654,60.543,10979.310153678707
11506,3,8243.310749891654,60.531,11976.60726878904
11507,3,8244.310749891654,60.521,9979.90304895686
11508,3,8245.310749891654,60.51,10977.320259074284
11509,3,8246.310749891654,60.499,10976.65599286572
11510,3,8247.310749891654,60.488,10975.991242671336
11511,3,8248.310749891654,60.478,9977.651581711954
11512,3,8249.310749891654,60.466,11972.455672019209
11513,3,8250.310749891654,60.455,10973.994088066915
11514,3,8251.310749891654,60.444,10973.327401858352
11515,3,8252.310749891654,60.433,10972.660231663967
11516,3,8253.310749891654,60.421,11969.347408409325
11517,3,8254.310749891654,60.408,12965.681476780692
11518,3,8255.310749891654,60.397,10970.110966550052
11519,3,8256.310749891654,60.386,10969.441794341492
11520,3,8257.310749891654,60.375,10968.772138147104
11521,3,8258.310749891654,60.362,12962.087645123822
11522,3,8259.310749891654,60.351,10967.06796407116
11523,3,8260.310749891654,60.339,11963.242852853538
11524,3,8261.310749891654,60.326,12959.063801261924
11525,3,8262.310749891654,60.314,11961.182026403603
11526,3,8263.310749891654,60.303,10963.653279919274
11527,3,8264.310749891654,60.292,10962.980103710719
11528,3,8265.310749891654,60.281,10962.306443516327
11529,3,8266.310749891654,60.27,10961.632299307772
11530,3,8267.310749891654,60.259,10960.95767111338
11531,3,8268.310749891654,60.247,11956.572662717777
11532,3,8269.310749891654,60.237,9963.19636389748
11533,3,8270.310749891654,60.228,8966.546860371624
11534,3,8271.310749891654,60.218,9962.46294581252
11535,3,8272.310749891654,60.207,10958.123242615502
11536,3,8273.310749891654,60.196,10957.445776414028
11537,3,8274.310749891654,60.185,10956.767826205476
11538,3,8275.310749891654,60.174,10956.08939201108
11539,3,8276.310749891654,60.166,7967.769885138354
11540,3,8277.310749891654,60.156,9959.425840482654
11541,3,8278.310749891654,60.148,7967.311171635309
11542,3,8279.310749891654,60.138,9958.85172861977
11543,3,8280.310749891654,60.128,9958.398526462715
11544,3,8281.310749891654,60.119,8962.224963680335
11545,3,8282.310749891654,60.11,8961.965452338853
11546,3,8283.310749891654,60.098,11948.642623476164
11547,3,8284.310749891654,60.088,9956.581717862802
11548,3,8285.310749891654,60.077,10951.64802887081
11549,3,8286.310749891654,60.066,10950.964556662262
11550,3,8287.310749891654,60.057,8959.469662883457
11551,3,8288.310749891654,60.047,9954.592743054965
11552,3,8289.310749891654,60.039,7963.4413656875
11553,3,8290.310749891654,60.028,10949.320148882427
11554,3,8291.310749891654,60.019,8958.12283433053
11555,3,8292.310749891654,60.009,9953.094746877974
11556,3,8293.310749891654,59.998,10947.808774787498
11557,3,8294.310749891654,59.987,10947.121628578952
11558,3,8295.310749891654,59.977,9951.386588005114
11559,3,8296.310749891654,59.966,10945.928403012502
11560,3,8297.310749891654,59.955,10945.239826818099
11561,3,8298.310749891654,59.945,9949.674589118114
11562,3,8299.310749891654,59.937,7959.503770550748
11563,3,8300.310749891654,59.927,9949.084477248152
11564,3,8301.310749891654,59.917,9948.622855098174
11565,3,8302.310749891654,59.906,10942.885590829716
11566,3,8303.310749891654,59.896,9947.53234458322
11567,3,8304.310749891654,59.884,11936.284099464721
11568,3,8305.310749891654,59.875,8951.72139086681
11569,3,8306.310749891654,59.866,8951.453599525328
11570,3,8307.310749891654,59.858,7956.6757777628845
11571,3,8308.310749891654,59.846,11934.456360060818
11572,3,8309.310749891654,59.835,10939.132818431317
11573,3,8310.310749891654,59.824,10938.43821423691
11574,3,8311.310749891654,59.814,9943.4859549534
11575,3,8312.310749891654,59.804,9943.019872803421
11576,3,8313.310749891654,59.793,10936.717283305483
11577,3,8314.310749891654,59.782,10936.02078710401
11578,3,8315.310749891654,59.771,10935.32380689547
11579,3,8316.310749891654,59.761,9940.652565558516
11580,3,8317.310749891654,59.752,8946.240836866551
11581,3,8318.310749891654,59.742,9939.882247480618
11582,3,8319.310749891654,59.732,9939.413325323578
11583,3,8320.310749891654,59.723,8945.124485655107
11584,3,8321.310749891654,59.71,12919.908388291666
11585,3,8322.310749891654,59.698,11925.005784277204
11586,3,8323.310749891654,59.686,11924.041566781236
11587,3,8324.310749891654,59.674,11923.076773285266
11588,3,8325.310749891654,59.662,11922.111403789297
11589,3,8326.310749891654,59.651,10927.808259515761
11590,3,8327.310749891654,59.64,10927.105493321345
11591,3,8328.310749891654,59.63,9933.1762313938
11592,3,8329.310749891654,59.619,10925.881753754895
11593,3,8330.310749891654,59.608,10925.177557553421
11594,3,8331.310749891654,59.597,10924.47287734489
11595,3,8332.310749891654,59.586,10923.767713150473
11596,3,8333.310749891654,59.577,8937.200780004392
11597,3,8334.310749891654,59.566,10922.722642413466
11598,3,8335.310749891654,59.555,10922.016070219048
11599,3,8336.310749891654,59.543,11914.055252287606
11600,3,8337.310749891654,59.531,11913.083282791637
11601,3,8338.310749891654,59.519,11912.110737295669
11602,3,8339.310749891654,59.507,11911.1376157997
11603,3,8340.310749891654,59.495,11910.163918303731
11604,3,8341.310749891654,59.481,13893.821028903358
11605,3,8342.310749891654,59.467,13892.216507096451
11606,3,8343.310749891654,59.454,12898.53314994039
11607,3,8344.310749891654,59.441,12897.258745906925
11608,3,8345.310749891654,59.428,12895.98366588051
11609,3,8346.310749891654,59.417,10911.090311775324
11610,3,8347.310749891654,59.407,9918.608525456333
11611,3,8348.310749891654,59.395,11901.552164496943
11612,3,8349.310749891654,59.384,10908.95059717795
11613,3,8350.310749891654,59.37,13882.859239099744
11614,3,8351.310749891654,59.358,11898.413072558087
11615,3,8352.310749891654,59.344,13880.103868866778
11616,3,8353.310749891654,59.332,11896.050078650154
11617,3,8354.310749891654,59.321,10903.9043674786
11618,3,8355.310749891654,59.308,12885.368066333802
11619,3,8356.310749891654,59.296,11893.102562162248
11620,3,8357.310749891654,59.284,11892.118904666278
11621,3,8358.310749891654,59.275,8918.57667776798
11622,3,8359.310749891654,59.264,10899.947706791194
11623,3,8360.310749891654,59.256,7926.9122406199185
11624,3,8361.310749891654,59.248,7926.7901528439315
11625,3,8362.310749891654,59.239,8917.42602440205
11626,3,8363.310749891654,59.23,8917.137551060567
11627,3,8364.310749891654,59.22,9907.526083244693
11628,3,8365.310749891654,59.211,8916.409056784105
11629,3,8366.310749891654,59.202,8916.119593442621
11630,3,8367.310749891654,59.194,7925.248988348986
11631,3,8368.310749891654,59.186,7925.125012580039
11632,3,8369.310749891654,59.178,7925.000780804053
11633,3,8370.310749891654,59.172,5943.757663498289
11634,3,8371.310749891654,59.17,1981.3553135227385
11651,3,8388.310749891654,59.165,4963.153762944684
11652,3,8389.310749891654,59.159,5955.940831021307
11653,3,8390.310749891654,59.153,5956.046672647314
11654,3,8391.310749891654,59.151,1985.4512539057373
11670,3,8407.310749891654,59.147,3978.2721883675936
11671,3,8408.310749891654,59.138,8951.193333458748
11672,3,8409.310749891654,59.128,9945.355451464886
11673,3,8410.310749891654,59.116,11933.625411722718
11674,3,8411.310749891654,59.105,10938.329249795122
11675,3,8412.310749891654,59.097,7954.815642065138
11676,3,8413.310749891654,59.087,9943.187176649975
11677,3,8414.310749891654,59.082,4971.553435022278
11678,3,8415.310749891654,59.075,6960.295105922546
11679,3,8416.310749891654,59.071,3977.4137994316584
11680,3,8417.310749891654,59.07,994.4295093006323
11699,3,8436.310749891654,59.067,2989.9213291799642
11700,3,8437.310749891654,59.065,1993.432787014838
11804,3,8541.310749891654,59.063,2017.9359125216997
11805,3,8542.310749891654,59.06,3027.1301181284703
11823,3,8560.310749891654,59.058,2022.2535703138763
11824,3,8561.310749891654,59.047,11122.469667278308
11825,3,8562.310749891654,59.038,9099.724184108949
11826,3,8563.310749891654,59.028,10110.35846996507
11827,3,8564.310749891654,59.016,12131.585977922985
11828,3,8565.310749891654,59.007,9098.133035710509
11829,3,8566.310749891654,59.001,6065.359193839516
11830,3,8567.310749891654,58.992,9097.944275808039
11831,3,8568.310749891654,58.984,8086.84023222926
11832,3,8569.310749891654,58.979,5054.308019949932
11847,3,8584.310749891654,58.976,3037.6871235105255
11848,3,8585.310749891654,58.965,11138.161486678313
11849,3,8586.310749891654,58.959,6075.192653221571
11850,3,8587.310749891654,58.953,6075.281910847579
11851,3,8588.310749891654,58.945,8100.357286328515
11852,3,8589.310749891654,58.939,6075.253850641597
11853,3,8590.310749891654,58.933,6075.3426522676045
11870,3,8607.310749891654,58.932,1014.5006815336154
11871,3,8608.310749891654,58.925,7101.84776035494
11872,3,8609.310749891654,58.92,5072.821126600296
11873,3,8610.310749891654,58.913,7102.051226148958
11874,3,8611.310749891654,58.906,7102.032148688259
11875,3,8612.310749891654,58.899,7102.01287523477
11876,3,8613.310749891654,58.897,2029.2271061909546
11889,3,8626.310749891654,58.891,6096.45534364966
11890,3,8627.310749891654,58.881,10160.556416360378
11891,3,8628.310749891654,58.871,10160.008474210399
11892,3,8629.310749891654,58.864,7111.803307974539
11893,3,8630.310749891654,58.861,3048.0099990931003
11906,3,8643.310749891654,58.852,9156.870344718312
11907,3,8644.310749891654,58.841,11191.123515952588
11908,3,8645.310749891654,58.829,12207.524591277474
11909,3,8646.310749891654,58.817,12206.446493781505
11910,3,8647.310749891654,58.804,13222.369390267173
11911,3,8648.310749891654,58.79,14237.852360521578
11912,3,8649.310749891654,58.775,15252.843274665764
11913,3,8650.310749891654,58.763,12200.882699049645
11914,3,8651.310749891654,58.75,13216.339241974327
11915,3,8652.310749891654,58.74,10165.599900045683
11916,3,8653.310749891654,58.728,12197.845286019738
11917,3,8654.310749891654,58.716,12196.762460523767
11918,3,8655.310749891654,58.702,14228.049886833842
11919,3,8656.310749891654,58.688,14226.300465012664
11920,3,8657.310749891654,58.676,12192.679426203871
11921,3,8658.310749891654,58.664,12191.594200707903
11922,3,8659.310749891654,58.65,14222.017338381998
11923,3,8660.310749891654,58.636,14220.264892560823
11924,3,8661.310749891654,58.621,15233.989719001263
11925,3,8662.310749891654,58.607,14216.515104239128
11926,3,8663.310749891654,58.596,11169.026108017895
11927,3,8664.310749891654,58.587,9137.789339434115
11928,3,8665.310749891654,58.578,9137.440206099847
11929,3,8666.310749891654,58.568,10152.236391073271
11930,3,8667.310749891654,58.557,11166.746487387274
11931,3,8668.310749891654,58.546,11165.937131193014
11932,3,8669.310749891654,58.535,11165.127290991539
11933,3,8670.310749891654,58.525,10149.46576382115
11934,3,8671.310749891654,58.515,10148.902101671172
11935,3,8672.310749891654,58.504,11163.076448060114
11936,3,8673.310749891654,58.494,10147.600111156218
11937,3,8674.310749891654,58.482,12176.234091352375
11938,3,8675.310749891654,58.469,13189.621477635623
11939,3,8676.310749891654,58.457,12173.83572890244
11940,3,8677.310749891654,58.444,13187.021951648194
11941,3,8678.310749891654,58.435,9128.810539229626
11942,3,8679.310749891654,58.426,9128.456401888143
11943,3,8680.310749891654,58.417,9128.101940546661
11944,3,8681.310749891654,58.409,8113.622477337449
11945,3,8682.310749891654,58.399,10141.633540731425
11946,3,8683.310749891654,58.39,9127.036612522214
11947,3,8684.310749891654,58.381,9126.680855180732
11948,3,8685.310749891654,58.372,9126.32477383925
11949,3,8686.310749891654,58.365,7098.097006068581
11950,3,8687.310749891654,58.358,7098.062808622297
11951,3,8688.310749891654,58.351,7098.028415161602
11952,3,8689.310749891654,58.34,11153.607967867298
11953,3,8690.310749891654,58.329,11152.788513673027
11954,3,8691.310749891654,58.32,9124.49436897735
11955,3,8692.310749891654,58.311,9124.136055635867
11956,3,8693.310749891654,58.303,8110.093918305632
11957,3,8694.310749891654,58.295,8109.913958522442
11958,3,8695.310749891654,58.285,10136.993272228876
11959,3,8696.310749891654,58.277,8109.274989026473
11960,3,8697.310749891654,58.267,10136.193840351712
11961,3,8698.310749891654,58.258,9122.135941180471
11962,3,8699.310749891654,58.246,12162.053995264989
11963,3,8700.310749891654,58.236,10134.29596769398
11964,3,8701.310749891654,58.224,12160.255799189044
11965,3,8702.310749891654,58.213,11145.980524632103
11966,3,8703.310749891654,58.205,8105.7762470498
11967,3,8704.310749891654,58.195,10131.817712871869
11968,3,8705.310749891654,58.186,9118.19493344861
11969,3,8706.310749891654,58.174,12156.795826289175
11970,3,8707.310749891654,58.162,12155.684440793206
11971,3,8708.310749891654,58.15,12154.572479297238
11972,3,8709.310749891654,58.139,11140.767415731281
11973,3,8710.310749891654,58.129,10127.30410268921
11974,3,8711.310749891654,58.12,9114.13047027774
11975,3,8712.310749891654,58.11,10126.318784597055
11976,3,8713.310749891654,58.102,8100.730150933977
11977,3,8714.310749891654,58.091,11137.960998579396
11978,3,8715.310749891654,58.08,11137.130016385117
11979,3,8716.310749891654,58.069,11136.29855017645
11980,3,8717.310749891654,58.059,10123.238627639359
11981,3,8718.310749891654,58.051,8098.264489354871
11982,3,8719.310749891654,58.042,9110.258485984892
11983,3,8720.310749891654,58.034,8097.750324838094
11984,3,8721.310749891654,58.025,9109.679438895424
11985,3,8722.310749891654,58.014,11133.410388169083
11986,3,8723.310749891654,58.004,10120.610665814476
11987,3,8724.310749891654,57.994,10120.025983657308
11988,3,8725.310749891654,57.984,10119.440901507329
11989,3,8726.310749891654,57.975,9107.048414220522
11990,3,8727.310749891654,57.965,10118.444083422371
11991,3,8728.310749891654,57.956,9106.15059394406
11992,3,8729.310749891654,57.946,10117.445745344601
11993,3,8730.310749891654,57.937,9105.251405667595
11994,3,8731.310749891654,57.926,11127.994431557294
11995,3,8732.310749891654,57.917,9104.193667797635
11996,3,8733.310749891654,57.908,9103.821458456154
11997,3,8734.310749891654,57.898,10114.855907017518
11998,3,8735.310749891654,57.888,10114.266904874725
11999,3,8736.310749891654,57.876,12136.20333180595
12000,3,8737.310749891654,57.865,11123.91591853094
12001,3,8738.310749891654,57.855,10111.973199779795
12002,3,8739.310749891654,57.842,13144.456465790894
12003,3,8740.310749891654,57.83,12132.110700738069
12004,3,8741.310749891654,57.819,11120.162316052052
12005,3,8742.310749891654,57.807,12130.06107320413
12006,3,8743.310749891654,57.796,11118.282478819789
12007,3,8744.310749891654,57.787,9096.243024642888
12008,3,8745.310749891654,57.774,13138.019122385087
12009,3,8746.310749891654,57.761,13136.565162351624
12010,3,8747.310749891654,57.749,12124.82237664028
12011,3,8748.310749891654,57.737,12123.688983144311
12012,3,8749.310749891654,57.725,12122.555013648342
12013,3,8750.310749891654,57.715,10101.358729672917
12014,3,8751.310749891654,57.703,12120.7054095724
12015,3,8752.310749891654,57.691,12119.56976007643
12016,3,8753.310749891654,57.678,13128.189202760535
12017,3,8754.310749891654,57.666,12117.086629626494
12018,3,8755.310749891654,57.656,10096.799462988045
12019,3,8756.310749891654,57.647,9086.660085553161
12020,3,8757.310749891654,57.635,12114.723574428575
12021,3,8758.310749891654,57.625,10094.828970323113
12022,3,8759.310749891654,57.615,10094.229708173134
12023,3,8760.310749891654,57.603,12112.145807772658
12024,3,8761.310749891654,57.593,10092.679531443182
12025,3,8762.310749891654,57.584,9082.949987162785
12026,3,8763.310749891654,57.575,9082.566923821301
12027,3,8764.310749891654,57.565,10091.227397430413
12028,3,8765.310749891654,57.558,7063.622086216316
12029,3,8766.310749891654,57.548,10090.54965176828
12030,3,8767.310749891654,57.544,4036.1893153110536
12031,3,8768.310749891654,57.54,4036.3690973598873
12048,3,8785.310749891654,57.536,4043.9136794158867
12049,3,8786.310749891654,57.527,9098.813464333396
12050,3,8787.310749891654,57.519,8087.559620258983
12051,3,8788.310749891654,57.509,10109.01808938336
12052,3,8789.310749891654,57.503,6065.257247799464
12053,3,8790.310749891654,57.499,4043.613267433919
12054,3,8791.310749891654,57.495,4043.7919534971056
12069,3,8806.310749891654,57.488,7088.032202681415
12070,3,8807.310749891654,57.48,8100.471218351055
12071,3,8808.310749891654,57.472,8100.263498567874
12072,3,8809.310749891654,57.466,6075.147353826512
12073,3,8810.310749891654,57.464,2025.1380289725707
12074,3,8811.310749891654,57.462,2025.2973984793764
12088,3,8825.310749891654,57.46,2028.4447240005766
12089,3,8826.310749891654,57.448,12170.564587783063
12090,3,8827.310749891654,57.438,10141.344228118509
12091,3,8828.310749891654,57.43,8112.723193751146
12092,3,8829.310749891654,57.42,10140.463396248548
12093,3,8830.310749891654,57.413,7098.077520401231
12094,3,8831.310749891654,57.403,10139.757750593584
12095,3,8832.310749891654,57.392,11152.956237867556
12096,3,8833.310749891654,57.382,10138.344080085833
12097,3,8834.310749891654,57.372,10137.724957928653
12098,3,8835.310749891654,57.363,9123.474409999717
12099,3,8836.310749891654,57.351,12163.782616357315
12100,3,8837.310749891654,57.34,11149.160079369682
12101,3,8838.310749891654,57.328,12161.657004823375
12102,3,8839.310749891654,57.315,13173.746329903075
12103,3,8840.310749891654,57.301,14185.374796729884
12104,3,8841.310749891654,57.289,12157.509585961478
12105,3,8842.310749891654,57.277,12156.338080465508
12106,3,8843.310749891654,57.265,12155.16599896954
12107,3,8844.310749891654,57.256,9115.733802495424
12108,3,8845.310749891654,57.245,11140.766187909609
12109,3,8846.310749891654,57.232,13165.08850429761
12110,3,8847.310749891654,57.22,12151.108919359656
12111,3,8848.310749891654,57.209,11137.536858788499
12112,3,8849.310749891654,57.197,12148.970947825715
12113,3,8850.310749891654,57.186,11135.576039556248
12114,3,8851.310749891654,57.176,10122.53599978908
12115,3,8852.310749891654,57.166,10121.909157646294
12116,3,8853.310749891654,57.152,14169.29889628134
12117,3,8854.310749891654,57.141,11131.843123913854
12118,3,8855.310749891654,57.129,12142.756312681891
12119,3,8856.310749891654,57.119,10118.157905534204
12120,3,8857.310749891654,57.107,12140.822132605948
12121,3,8858.310749891654,57.095,12139.64165110998
12122,3,8859.310749891654,57.083,12138.46059361401
12123,3,8860.310749891654,57.072,11125.93651018833
12124,3,8861.310749891654,57.064,8091.156509999773
12125,3,8862.310749891654,57.052,12135.977442416091
12126,3,8863.310749891654,57.042,10112.505766979371
12127,3,8864.310749891654,57.03,12134.035870340149
12128,3,8865.310749891654,57.02,10110.88691024942
12129,3,8866.310749891654,57.008,12132.092186264206
12130,3,8867.310749891654,56.998,10109.26629352665
12131,3,8868.310749891654,56.987,11119.398409086036
12132,3,8869.310749891654,56.976,11118.505870891744
12133,3,8870.310749891654,56.966,10107.009474639537
12134,3,8871.310749891654,56.954,12127.436647532348
12135,3,8872.310749891654,56.942,12126.248462036378
12136,3,8873.310749891654,56.933,9094.034354795554
12137,3,8874.310749891654,56.923,10103.935247394631
12138,3,8875.310749891654,56.914,9093.048748519092
12139,3,8876.310749891654,56.904,10102.839369309673
12140,3,8877.310749891654,56.893,11112.32464546244
12141,3,8878.310749891654,56.883,10101.386838794719
12142,3,8879.310749891654,56.873,10100.748736651918
12143,3,8880.310749891654,56.864,9090.179133844187
12144,3,8881.310749891654,56.853,11109.516159995359
12145,3,8882.310749891654,56.843,10098.832030194806
12146,3,8883.310749891654,56.832,11107.913844436085
12147,3,8884.310749891654,56.822,10097.374539679851
12148,3,8885.310749891654,56.81,12115.867573580721
12149,3,8886.310749891654,56.8,10095.737642957074
12150,3,8887.310749891654,56.79,10095.096280799922
12151,3,8888.310749891654,56.781,9085.089061583849
12152,3,8889.310749891654,56.773,8075.334343141099
12153,3,8890.310749891654,56.765,8075.104815372286
12154,3,8891.310749891654,56.757,8074.8750315963
12155,3,8892.310749891654,56.749,8074.644991813142
12156,3,8893.310749891654,56.742,7065.175112216725
12157,3,8894.310749891654,56.734,8074.326453233168
12158,3,8895.310749891654,56.727,7064.895970959247
12159,3,8896.310749891654,56.719,8074.006954653194
12160,3,8897.310749891654,56.708,11101.147930710378
12161,3,8898.310749891654,56.698,10091.218289020122
12162,3,8899.310749891654,56.685,13117.397159812659
12163,3,8900.310749891654,56.675,10089.392266082341
12164,3,8901.310749891654,56.663,12106.281093255102
12165,3,8902.310749891654,56.651,12105.077283751965
12166,3,8903.310749891654,56.639,12103.872898263166
12167,3,8904.310749891654,56.628,11094.210222790567
12168,3,8905.310749891654,56.616,12101.676126729224
12169,3,8906.310749891654,56.603,13108.726758293891
12170,3,8907.310749891654,56.592,11090.893443676652
12171,3,8908.310749891654,56.579,13106.111666385958
12172,3,8909.310749891654,56.568,11088.679617600708
12173,3,8910.310749891654,56.556,12095.63991924938
12174,3,8911.310749891654,56.546,10078.870684340452
12175,3,8912.310749891654,56.533,13101.337434729088
12176,3,8913.310749891654,56.522,11084.637815121818
12177,3,8914.310749891654,56.511,11083.724156913184
12178,3,8915.310749891654,56.498,13097.634582953846
12179,3,8916.310749891654,56.488,10074.18286387058
12180,3,8917.310749891654,56.477,11080.784097479424
12181,3,8918.310749891654,56.464,13094.158147243783
12182,3,8919.310749891654,56.453,11078.559931396325
12183,3,8920.310749891654,56.441,12084.59474157968
12184,3,8921.310749891654,56.43,11076.529922164034
12185,3,8922.310749891654,56.419,11075.61230396256
12186,3,8923.310749891654,56.408,11074.694201753933
12187,3,8924.310749891654,56.398,10067.157984520776
12188,3,8925.310749891654,56.387,11073.052902194637
12189,3,8926.310749891654,56.377,10065.665054005824
12190,3,8927.310749891654,56.367,10065.007231862995
12191,3,8928.310749891654,56.357,10064.349009705866
12192,3,8929.310749891654,56.347,10063.690387555887
12193,3,8930.310749891654,56.337,10063.03136540591
12194,3,8931.310749891654,56.326,11068.51089316828
12195,3,8932.310749891654,56.315,11067.588566966806
12196,3,8933.310749891654,56.305,10060.69456652598
12197,3,8934.310749891654,56.294,11065.939017400357
12198,3,8935.310749891654,56.284,10059.194136011025
12199,3,8936.310749891654,56.274,10058.532653861046
12200,3,8937.310749891654,56.264,10057.870771711068
12201,3,8938.310749891654,56.252,12068.43566801817
12202,3,8939.310749891654,56.242,10056.188234988262
12203,3,8940.310749891654,56.231,11060.97928069386
12204,3,8941.310749891654,56.222,9049.294959818439
12205,3,8942.310749891654,56.21,12064.822586782278
12206,3,8943.310749891654,56.198,12063.59609728631
12207,3,8944.310749891654,56.185,13067.450175064074
12208,3,8945.310749891654,56.175,10050.951158583404
12209,3,8946.310749891654,56.164,11055.215636648521
12210,3,8947.310749891654,56.156,8039.69554742533
12211,3,8948.310749891654,56.146,10049.131938341327
12212,3,8949.310749891654,56.133,13062.65560193022
12213,3,8950.310749891654,56.121,12056.498195020511
12214,3,8951.310749891654,56.108,13059.75650394993
12215,3,8952.310749891654,56.096,12053.820904570573
12216,3,8953.310749891654,56.084,12052.58879906747
12217,3,8954.310749891654,56.075,9038.758854574226
12218,3,8955.310749891654,56.064,11046.6355140059
12219,3,8956.310749891654,56.054,10041.636486561527
12220,3,8957.310749891654,56.041,13052.906730623616
12221,3,8958.310749891654,56.03,11043.635284557846
12222,3,8959.310749891654,56.019,11042.699912363505
12223,3,8960.310749891654,56.008,11041.7640561549
12224,3,8961.310749891654,55.999,9033.565798468373
12225,3,8962.310749891654,55.987,12043.83997964886
12226,3,8963.310749891654,55.976,11039.150776394108
12227,3,8964.310749891654,55.965,11038.213006185504
12228,3,8965.310749891654,55.952,13043.818881548363
12229,3,8966.310749891654,55.942,10032.763750481772
12230,3,8967.310749891654,55.931,11035.199510751714
12231,3,8968.310749891654,55.92,11034.259782543111
12232,3,8969.310749891654,55.909,11033.319570348765
12233,3,8970.310749891654,55.897,12035.21476442909
12234,3,8971.310749891654,55.884,13036.687130135426
12235,3,8972.310749891654,55.872,12032.514721979156
12236,3,8973.310749891654,55.859,13033.760784147997
12237,3,8974.310749891654,55.85,9022.601516037163
12238,3,8975.310749891654,55.839,11026.87830579393
12239,3,8976.310749891654,55.828,11025.934617585335
12240,3,8977.310749891654,55.815,13029.300752657244
12241,3,8978.310749891654,55.802,13027.717442616658
12242,3,8979.310749891654,55.789,13026.133456583195
12243,3,8980.310749891654,55.776,13024.548794549732
12244,3,8981.310749891654,55.762,14024.60413790272
12245,3,8982.310749891654,55.748,14022.64460408876
12246,3,8983.310749891654,55.735,13019.323620290348
12247,3,8984.310749891654,55.723,12016.479690737544
12248,3,8985.310749891654,55.714,9011.664666321427
12249,3,8986.310749891654,55.705,9011.211816979945
12250,3,8987.310749891654,55.694,11012.95173249466
12251,3,8988.310749891654,55.682,12012.98517695965
12252,3,8989.310749891654,55.669,13012.593637050648
12253,3,8990.310749891654,55.659,10008.733151637389
12254,3,8991.310749891654,55.647,12009.442011929741
12255,3,8992.310749891654,55.636,11007.6044889778
12256,3,8993.310749891654,55.627,9005.604605687098
12257,3,8994.310749891654,55.618,9005.148894345615
12258,3,8995.310749891654,55.606,12005.933314151847
12259,3,8996.310749891654,55.594,12004.677064655878
12260,3,8997.310749891654,55.581,13003.588294047784
12261,3,8998.310749891654,55.567,14002.019405208306
12262,3,8999.310749891654,55.552,14999.91616825873
12263,3,9000.310749891654,55.539,12998.095779708903
12264,3,9001.310749891654,55.527,11996.874956970052
12265,3,9002.310749891654,55.515,11995.615083474084
12266,3,9003.310749891654,55.503,11994.354633978115
12267,3,9004.310749891654,55.491,11993.093608482146
12268,3,9005.310749891654,55.48,10992.611731491277
12269,3,9006.310749891654,55.467,12989.901063985108
12270,3,9007.310749891654,55.456,10990.297233408235
12271,3,9008.310749891654,55.445,10989.337375213861
12272,3,9009.310749891654,55.433,11987.212287918297
12273,3,9010.310749891654,55.42,12984.65970824874
12274,3,9011.310749891654,55.408,11984.466573468362
12275,3,9012.310749891654,55.398,9986.18104952296
12276,3,9013.310749891654,55.387,10983.935945696998
12277,3,9014.310749891654,55.374,12979.64294859187
12278,3,9015.310749891654,55.362,11979.833414400482
12279,3,9016.310749891654,55.35,11978.565548904513
12280,3,9017.310749891654,55.339,10979.28820554511
12281,3,9018.310749891654,55.328,10978.323353336546
12282,3,9019.310749891654,55.317,10977.358017142164
12283,3,9020.310749891654,55.307,9978.628563958158
12284,3,9021.310749891654,55.295,11973.300138714656
12285,3,9022.310749891654,55.283,11972.028937218685
12286,3,9023.310749891654,55.271,11970.757159722718
12287,3,9024.310749891654,55.261,9974.751158068259
12288,3,9025.310749891654,55.25,10971.357279096821
12289,3,9026.310749891654,55.239,10970.388532895346
12290,3,9027.310749891654,55.228,10969.419302686787
12291,3,9028.310749891654,55.219,8974.348536539892
12292,3,9029.310749891654,55.207,11964.848026410884
12293,3,9030.310749891654,55.197,9969.8242803084
12294,3,9031.310749891654,55.187,9969.122058165503
12295,3,9032.310749891654,55.176,10965.162024188912
12296,3,9033.310749891654,55.167,8970.863472677993
12297,3,9034.310749891654,55.157,9967.012991715568
12298,3,9035.310749891654,55.148,8969.759570394448
12299,3,9036.310749891654,55.137,10962.264841572589
12300,3,9037.310749891654,55.127,9964.900325258552
12301,3,9038.310749891654,55.117,9964.195303115654
12302,3,9039.310749891654,55.106,10959.739436634081
12303,3,9040.310749891654,55.098,7970.227247051141
12304,3,9041.310749891654,55.089,8966.114168385146
12305,3,9042.310749891654,55.081,7969.5310025200915
12306,3,9043.310749891654,55.071,9961.38765722575
12307,3,9044.310749891654,55.061,9960.680315068696
12308,3,9045.310749891654,55.052,8964.056723425718
12309,3,9046.310749891654,55.041,10955.290383268815
12310,3,9047.310749891654,55.028,12945.76981008585
12311,3,9048.310749891654,55.018,9957.304047823789
12312,3,9049.310749891654,55.008,9956.594645673811
12313,3,9050.310749891654,54.998,9955.884843530906
12314,3,9051.310749891654,54.988,9955.174641373855
12315,3,9052.310749891654,54.976,11945.139591613482
12316,3,9053.310749891654,54.965,10948.630408687923
12317,3,9054.310749891654,54.953,11942.780748079544
12318,3,9055.310749891654,54.941,11941.491834583574
12319,3,9056.310749891654,54.931,9950.349747126049
12320,3,9057.310749891654,54.922,8954.75482027097
12321,3,9058.310749891654,54.912,9949.105029034019
12322,3,9059.310749891654,54.901,10943.131005152078
12323,3,9060.310749891654,54.892,8952.82828346603
12324,3,9061.310749891654,54.88,11936.138443645734
12325,3,9062.310749891654,54.869,10940.37496739122
12326,3,9063.310749891654,54.857,11933.770024111793
12327,3,9064.310749891654,54.845,11932.476214615823
12328,3,9065.310749891654,54.834,10937.016395106739
12329,3,9066.310749891654,54.824,9941.935042121277
12330,3,9067.310749891654,54.813,10935.24023554029
12331,3,9068.310749891654,54.801,11928.165774463938
12332,3,9069.310749891654,54.788,12920.657045013591
12333,3,9070.310749891654,54.776,11925.354324006941
12334,3,9071.310749891654,54.763,12917.610007026162
12335,3,9072.310749891654,54.751,11922.540473564068
12336,3,9073.310749891654,54.742,8941.176125441321
12337,3,9074.310749891654,54.733,8940.691524099839
12338,3,9075.310749891654,54.725,7946.922912488721
12339,3,9076.310749891654,54.714,10926.326093734087
12340,3,9077.310749891654,54.7,13904.58829743686
12341,3,9078.310749891654,54.685,14895.465320654044
12342,3,9079.310749891654,54.673,11914.74317984027
12343,3,9080.310749891654,54.66,12906.108997837946
12344,3,9081.310749891654,54.647,12904.46084379743
12345,3,9082.310749891654,54.637,9925.512479909621
12346,3,9083.310749891654,54.626,10917.167607122294
12347,3,9084.310749891654,54.615,10916.17109691377
12348,3,9085.310749891654,54.604,10915.174102719346
12349,3,9086.310749891654,54.593,10914.176624510823
12350,3,9087.310749891654,54.582,10913.178662316399
12351,3,9088.310749891654,54.571,10912.180216114924
12352,3,9089.310749891654,54.56,10911.181285906403
12353,3,9090.310749891654,54.548,11901.907503590595
12354,3,9091.310749891654,54.536,11900.598502094626
12355,3,9092.310749891654,54.525,10907.781529636033
12356,3,9093.310749891654,54.514,10906.780619427514
12357,3,9094.310749891654,54.502,11897.104568522715
12358,3,9095.310749891654,54.492,9913.34299874198
12359,3,9096.310749891654,54.482,9912.613676584959
12360,3,9097.310749891654,54.473,8920.777434790345
12361,3,9098.310749891654,54.462,10902.369296929639
12362,3,9099.310749891654,54.45,11892.28958870685
12363,3,9100.310749891654,54.439,10900.161109697236
12364,3,9101.310749891654,54.429,9908.414987190075
12365,3,9102.310749891654,54.416,12879.633176440624
12366,3,9103.310749891654,54.405,10896.945170249277
12367,3,9104.310749891654,54.392,12876.782056525652
12368,3,9105.310749891654,54.381,10894.531628180373
12369,3,9106.310749891654,54.37,10893.524403978898
12370,3,9107.310749891654,54.36,9902.378978355226
12371,3,9108.310749891654,54.347,12871.78277694828
12372,3,9109.310749891654,54.337,9900.363295410276
12373,3,9110.310749891654,54.326,10889.490667173002
12374,3,9111.310749891654,54.314,11878.233598419201
12375,3,9112.310749891654,54.302,11876.912932923233
12376,3,9113.310749891654,54.291,10886.059296895584
12377,3,9114.310749891654,54.282,8906.112549432217
12378,3,9115.310749891654,54.275,6926.715523529837
12379,3,9116.310749891654,54.268,6926.582024076348
12380,3,9117.310749891654,54.263,4947.554264984987
12381,3,9118.310749891654,54.259,3958.1492767967748
12382,3,9119.310749891654,54.253,5937.327888553684
12383,3,9120.310749891654,54.248,4947.814183372503
12384,3,9121.310749891654,54.239,8905.8927539118
12385,3,9122.310749891654,54.233,5937.09174997371
12386,3,9123.310749891654,54.224,8905.38222600933
12387,3,9124.310749891654,54.219,4947.338153248003
12388,3,9125.310749891654,54.215,3957.975783412813
12389,3,9126.310749891654,54.212,2968.61548703562
12418,3,9155.310749891654,54.206,5955.602885290747
12419,3,9156.310749891654,54.196,9925.62397910263
12420,3,9157.310749891654,54.187,8932.471299049903
12421,3,9158.310749891654,54.181,5954.806916065778
12422,3,9159.310749891654,54.177,3969.938376944839
12435,3,9172.310749891654,54.171,5962.809150775792
12436,3,9173.310749891654,54.164,6956.5343406244965
12437,3,9174.310749891654,54.155,8943.769495057966
12451,3,9188.310749891654,54.154,995.1767490076959
12452,3,9189.310749891654,54.148,5971.324397008822
12453,3,9190.310749891654,54.146,1990.5110246999664
12465,3,9202.310749891654,54.136,9964.446126195699
12466,3,9203.310749891654,54.127,8967.402285440021
12467,3,9204.310749891654,54.116,10959.324293508522
12468,3,9205.310749891654,54.108,7969.884404772856
12469,3,9206.310749891654,54.1,7969.571788989792
12470,3,9207.310749891654,54.094,5977.054675642892
12471,3,9208.310749891654,54.09,3984.767560662907
12472,3,9209.310749891654,54.089,996.2540276172863
12488,3,9225.310749891654,54.084,4989.647698735612
12489,3,9226.310749891654,54.071,12972.331309014133
12490,3,9227.310749891654,54.06,10975.341725657569
12491,3,9228.310749891654,54.051,8979.13713133417
12492,3,9229.310749891654,54.044,6983.496418571759
12493,3,9230.310749891654,54.039,4988.198383898161
12494,3,9231.310749891654,54.035,3990.6587119400397
12495,3,9232.310749891654,54.028,6983.698375956694
12496,3,9233.310749891654,54.019,8978.683739342232
12497,3,9234.310749891654,54.009,9975.641216890972
12498,3,9235.310749891654,53.998,10972.260289801805
12499,3,9236.310749891654,53.988,9973.922526376016
12500,3,9237.310749891654,53.978,9973.154924226039
12501,3,9238.310749891654,53.969,8975.23137466733
12502,3,9239.310749891654,53.959,9971.80330614108
12503,3,9240.310749891654,53.949,9971.034523998187
12504,3,9241.310749891654,53.939,9970.265341841125
12505,3,9242.310749891654,53.928,10966.34367024697
12506,3,9243.310749891654,53.917,10965.293326038414
12507,3,9244.310749891654,53.907,9967.585622968276
12508,3,9245.310749891654,53.898,8970.216528521885
12509,3,9246.310749891654,53.888,9966.228504883316
12510,3,9247.310749891654,53.878,9965.456902726257
12511,3,9248.310749891654,53.866,11957.39992123637
12512,3,9249.310749891654,53.853,12952.24456067666
12513,3,9250.310749891654,53.841,11954.435590786436
12514,3,9251.310749891654,53.828,12949.03190268923
12515,3,9252.310749891654,53.818,9959.742429833466
12516,3,9253.310749891654,53.809,8963.15468470764
12517,3,9254.310749891654,53.798,10954.114785495201
12518,3,9255.310749891654,53.787,10953.058677300804
12519,3,9256.310749891654,53.777,9956.458095011478
12520,3,9257.310749891654,53.766,10951.148669734353
12521,3,9258.310749891654,53.756,9954.720884496524
12522,3,9259.310749891654,53.747,8958.633151910763
12523,3,9260.310749891654,53.736,10948.585783639424
12524,3,9261.310749891654,53.727,8957.2341340408
12525,3,9262.310749891654,53.719,7961.585926658457
12526,3,9263.310749891654,53.709,9951.389472391627
12527,3,9264.310749891654,53.698,10945.570071852513
12528,3,9265.310749891654,53.688,9949.646601876673
12529,3,9266.310749891654,53.678,9948.867199733762
12530,3,9267.310749891654,53.668,9948.087397576715
12531,3,9268.310749891654,53.658,9947.307195426738
12532,3,9269.310749891654,53.648,9946.52659327676
12533,3,9270.310749891654,53.636,11934.672221896968
12534,3,9271.310749891654,53.626,9944.593336553873
12535,3,9272.310749891654,53.616,9943.811494396828
12536,3,9273.310749891654,53.606,9943.029252246852
12537,3,9274.310749891654,53.598,7953.945677053735
12538,3,9275.310749891654,53.589,8947.73460013807
12539,3,9276.310749891654,53.579,9941.23670444191
12540,3,9277.310749891654,53.569,9940.452922291932
12541,3,9278.310749891654,53.559,9939.668740149016
12542,3,9279.310749891654,53.55,8945.079255991644
12543,3,9280.310749891654,53.541,8944.539826650163
12544,3,9281.310749891654,53.531,9937.685046122015
12545,3,9282.310749891654,53.521,9936.899303972037
12546,3,9283.310749891654,53.512,8942.58539543872
12547,3,9284.310749891654,53.501,10928.961409062478
12548,3,9285.310749891654,53.49,10927.891506853946
12549,3,9286.310749891654,53.479,10926.821120659532
12550,3,9287.310749891654,53.468,10925.750250451
12551,3,9288.310749891654,53.456,11917.720063457435
12552,3,9289.310749891654,53.448,7944.515811253993
12553,3,9290.310749891654,53.436,11915.826890297487
12554,3,9291.310749891654,53.426,9928.880493547244
12555,3,9292.310749891654,53.416,9928.09065140432
12556,3,9293.310749891654,53.407,8934.654008121424
12557,3,9294.310749891654,53.396,10919.262981223173
12558,3,9295.310749891654,53.387,8933.230510251464
12559,3,9296.310749891654,53.376,10917.522270500274
12560,3,9297.310749891654,53.366,9924.135440647375
12561,3,9298.310749891654,53.357,8931.092563446522
12562,3,9299.310749891654,53.347,9922.736542562418
12563,3,9300.310749891654,53.337,9921.943520412438
12564,3,9301.310749891654,53.329,7937.0688995861965
12565,3,9302.310749891654,53.321,7936.73153181021
12566,3,9303.310749891654,53.31,10912.234614284382
12567,3,9304.310749891654,53.302,7935.609421342243
12568,3,9305.310749891654,53.291,10910.690876397974
12569,3,9306.310749891654,53.281,9917.92149237256
12570,3,9307.310749891654,53.273,7933.849517147246
12571,3,9308.310749891654,53.263,9916.701940509647
12572,3,9309.310749891654,53.254,8924.398678316222
12573,3,9310.310749891654,53.243,10906.721803239043
12574,3,9311.310749891654,53.232,10905.639933044615
12575,3,9312.310749891654,53.223,8922.078367917782
12576,3,9313.310749891654,53.215,7930.321356771348
12577,3,9314.310749891654,53.207,7929.980629002405
12578,3,9315.310749891654,53.198,8920.760763080332
12579,3,9316.310749891654,53.188,9911.250354377764
12580,3,9317.310749891654,53.178,9910.450752234827
12581,3,9318.310749891654,53.169,8918.769539868887
12582,3,9319.310749891654,53.159,9909.036734142826
12583,3,9320.310749891654,53.149,9908.235951992849
12584,3,9321.310749891654,53.14,8916.775184657445
12585,3,9322.310749891654,53.131,8916.221571315962
12586,3,9323.310749891654,53.122,8915.667633974479
12587,3,9324.310749891654,53.112,9905.58828203793
12588,3,9325.310749891654,53.104,7923.977652886582
12589,3,9326.310749891654,53.097,6933.244695642622
12590,3,9327.310749891654,53.089,7923.438554306607
12591,3,9328.310749891654,53.08,8913.396816047562
12592,3,9329.310749891654,53.07,9903.06336100802
12593,3,9330.310749891654,53.061,8912.116891771098
12594,3,9331.310749891654,53.056,4951.053514233796
12595,3,9332.310749891654,53.049,6931.433824818695
12596,3,9333.310749891654,53.042,6931.261895365206
12597,3,9334.310749891654,53.033,8911.233115153153
12598,3,9335.310749891654,53.025,7920.675100098718
12599,3,9336.310749891654,53.015,9900.223919183141
12600,3,9337.310749891654,53.003,11879.076132984612
12601,3,9338.310749891654,52.992,10887.956727285182
12602,3,9339.310749891654,52.98,11876.46526545067
12603,3,9340.310749891654,52.971,8906.537378356274
12604,3,9341.310749891654,52.963,7916.499303827793
12605,3,9342.310749891654,52.956,6926.697486222338
12606,3,9343.310749891654,52.948,7915.95185325485
12607,3,9344.310749891654,52.939,8904.969291364336
12608,3,9345.310749891654,52.932,6925.781760810374
12609,3,9346.310749891654,52.922,9893.443781195372
12610,3,9347.310749891654,52.913,8903.453698933386
12611,3,9348.310749891654,52.905,7913.756375451894
12612,3,9349.310749891654,52.898,6924.295876893427
12613,3,9350.310749891654,52.89,7913.20538887895
12614,3,9351.310749891654,52.883,6923.813343635949
12615,3,9352.310749891654,52.875,7912.653442298975
12616,3,9353.310749891654,52.869,5934.338951619484
12617,3,9354.310749891654,52.861,7912.2502046909985
12618,3,9355.310749891654,52.853,7911.898564907986
12619,3,9356.310749891654,52.846,6922.668829674532
12620,3,9357.310749891654,52.84,5933.620463471494
12621,3,9358.310749891654,52.833,6922.445403118052
12622,3,9359.310749891654,52.828,4944.570665717013
12623,3,9360.310749891654,52.822,5933.500984356545
12624,3,9361.310749891654,52.816,5933.460869982552
12625,3,9362.310749891654,52.811,4944.5639878965585
12626,3,9363.310749891654,52.803,7911.1736123150995
12627,3,9364.310749891654,52.797,5933.227291131577
12628,3,9365.310749891654,52.789,7910.765606700097
12629,3,9366.310749891654,52.781,7910.411406931137
12630,3,9367.310749891654,52.774,6921.365403431615
12631,3,9368.310749891654,52.766,7909.852132351163
12632,3,9369.310749891654,52.759,6920.875618174138
12633,3,9370.310749891654,52.751,7909.291897771189
12634,3,9371.310749891654,52.742,8897.46916444522
12635,3,9372.310749891654,52.733,8896.900287103737
12636,3,9373.310749891654,52.726,6919.499848607688
12637,3,9374.310749891654,52.717,8896.09903560777
12638,3,9375.310749891654,52.709,7907.212088940239
12639,3,9376.310749891654,52.702,6918.564047202748
12640,3,9377.310749891654,52.694,7906.648350360264
12641,3,9378.310749891654,52.686,7906.291094591301
12642,3,9379.310749891654,52.68,5929.562738838729
12643,3,9380.310749891654,52.671,8894.026060306858
12644,3,9381.310749891654,52.666,4940.995652309213
12645,3,9382.310749891654,52.659,6917.34315812429
12646,3,9383.310749891654,52.652,6917.160868670801
12647,3,9384.310749891654,52.645,6916.9783832173125
12648,3,9385.310749891654,52.638,6916.795701770844
12649,3,9386.310749891654,52.631,6916.612824310334
12650,3,9387.310749891654,52.627,3952.3582196461925
12651,3,9388.310749891654,52.622,4940.551590579261
12652,3,9389.310749891654,52.617,4940.608370041767
12653,3,9390.310749891654,52.615,1976.3223616605912
12654,3,9391.310749891654,52.613,1976.4576951816134
12655,3,9392.310749891654,52.609,3953.110886898208
12656,3,9393.310749891654,52.605,3953.2311889612333
12657,3,9394.310749891654,52.602,2965.041753191666
12658,3,9395.310749891654,52.598,3953.546763552217
12659,3,9396.310749891654,52.595,2965.2783501401705
12660,3,9397.310749891654,52.592,2965.4247775466724
12661,3,9398.310749891654,52.585,6919.402908187402
12662,3,9399.310749891654,52.579,5930.81469420986
12663,3,9400.310749891654,52.572,6919.1645296309225
12664,3,9401.310749891654,52.567,4942.222054666821
12665,3,9402.310749891654,52.559,7907.418559147521
12666,3,9403.310749891654,52.55,8895.353306493593
12667,3,9404.310749891654,52.54,9882.990167059173
12668,3,9405.310749891654,52.529,10870.272546979759
12669,3,9406.310749891654,52.519,9881.14131655124
12670,3,9407.310749891654,52.509,9880.31033439424
12671,3,9408.310749891654,52.5,8891.61573181869
12672,3,9409.310749891654,52.491,8891.03650447721
12673,3,9410.310749891654,52.481,9878.191400374302
12674,3,9411.310749891654,52.471,9877.358858231342
12675,3,9412.310749891654,52.462,8888.958035258747
12676,3,9413.310749891654,52.453,8888.377475924284
12677,3,9414.310749891654,52.445,7900.338952339716
12678,3,9415.310749891654,52.436,8887.384860834816
12679,3,9416.310749891654,52.426,9874.131778549423
12680,3,9417.310749891654,52.417,8886.051998558354
12681,3,9418.310749891654,52.408,8885.46981921687
12682,3,9419.310749891654,52.395,12833.236318769785
12683,3,9420.310749891654,52.387,7896.632007963816
12684,3,9421.310749891654,52.378,8883.21258641193
12685,3,9422.310749891654,52.368,9869.493618079548
12686,3,9423.310749891654,52.358,9868.656415936583
12687,3,9424.310749891654,52.349,8881.121751200484
12688,3,9425.310749891654,52.34,8880.537213851992
12689,3,9426.310749891654,52.332,7893.36639050391
12690,3,9427.310749891654,52.324,7892.9970707279235
12691,3,9428.310749891654,52.317,6906.115056253813
12692,3,9429.310749891654,52.31,6905.923470800324
12693,3,9430.310749891654,52.303,6905.731689353845
12694,3,9431.310749891654,52.295,7891.969934532964
12695,3,9432.310749891654,52.286,8877.964414810109
12696,3,9433.310749891654,52.279,6904.758969934872
12697,3,9434.310749891654,52.272,6904.566362488391
12698,3,9435.310749891654,52.265,6904.373559027892
12699,3,9436.310749891654,52.259,5917.925668930276
12700,3,9437.310749891654,52.251,7890.34677177205
12701,3,9438.310749891654,52.242,8876.136646696194
12702,3,9439.310749891654,52.23,11833.724071952618
12703,3,9440.310749891654,52.219,10846.341192665508
12704,3,9441.310749891654,52.209,9859.371989894895
12705,3,9442.310749891654,52.2,8872.760007769277
12706,3,9443.310749891654,52.19,9857.872091816942
12707,3,9444.310749891654,52.181,8871.409415492812
12708,3,9445.310749891654,52.171,9856.370673724978
12709,3,9446.310749891654,52.163,7884.571086236199
12710,3,9447.310749891654,52.155,7884.196502453211
12711,3,9448.310749891654,52.146,8869.21433572038
12712,3,9449.310749891654,52.139,6897.949600865086
12713,3,9450.310749891654,52.128,10838.911060551229
12714,3,9451.310749891654,52.118,9852.613404330094
12715,3,9452.310749891654,52.109,8866.673932760954
12716,3,9453.310749891654,52.101,7881.036105972306
12717,3,9454.310749891654,52.093,7880.659634189321
12718,3,9455.310749891654,52.086,6895.313730295666
12719,3,9456.310749891654,52.08,5910.156393439508
12720,3,9457.310749891654,52.072,7879.9826337773575
12721,3,9458.310749891654,52.064,7879.60518600837
12722,3,9459.310749891654,52.056,7879.227482232383
12723,3,9460.310749891654,52.05,5909.250665569547
12724,3,9461.310749891654,52.041,8863.535675403085
12725,3,9462.310749891654,52.035,5908.796721634566
12726,3,9463.310749891654,52.026,8862.854219493618
12727,3,9464.310749891654,52.019,6892.999483812266
12728,3,9465.310749891654,52.011,7877.410218485465
12729,3,9466.310749891654,52.001,9846.099137182344
12730,3,9467.310749891654,51.994,6891.870870042807
12731,3,9468.310749891654,51.985,8860.549351167194
12732,3,9469.310749891654,51.977,7875.587873444519
12733,3,9470.310749891654,51.967,9843.819805865422
12734,3,9471.310749891654,51.959,7874.5235279415565
12735,3,9472.310749891654,51.95,8858.325039394764
12736,3,9473.310749891654,51.941,8857.72554405328
12737,3,9474.310749891654,51.933,7873.076438676595
12738,3,9475.310749891654,51.924,8856.696136963814
12739,3,9476.310749891654,51.916,7872.160866152623
12740,3,9477.310749891654,51.906,9839.533566750555
12741,3,9478.310749891654,51.899,6887.272331745453
12742,3,9479.310749891654,51.891,7870.861301852667
12743,3,9480.310749891654,51.883,7870.47814206969
12744,3,9481.310749891654,51.872,10821.067365407835
12745,3,9482.310749891654,51.862,9836.380233290653
12746,3,9483.310749891654,51.854,7868.568461888731
12747,3,9484.310749891654,51.844,9835.04056142069
12748,3,9485.310749891654,51.836,7867.496148392761
12749,3,9486.310749891654,51.828,7867.1113406097875
12750,3,9487.310749891654,51.819,8849.981675646519
12751,3,9488.310749891654,51.81,8849.377392305036
12752,3,9489.310749891654,51.798,11798.022098097741
12753,3,9490.310749891654,51.788,9830.633293387798
12754,3,9491.310749891654,51.777,10812.643575933575
12755,3,9492.310749891654,51.766,10811.485651739085
12756,3,9493.310749891654,51.756,9827.665154500883
12757,3,9494.310749891654,51.747,8844.206809914658
12758,3,9495.310749891654,51.735,11791.124964243905
12759,3,9496.310749891654,51.722,12771.977676268189
12760,3,9497.310749891654,51.71,11787.91014579397
12761,3,9498.310749891654,51.699,10804.318979693742
12762,3,9499.310749891654,51.686,12767.12114440629
12763,3,9500.310749891654,51.674,11783.425429306064
12764,3,9501.310749891654,51.664,9818.464502721085
12765,3,9502.310749891654,51.655,8835.923199312838
12766,3,9503.310749891654,51.645,9816.920004636126
12767,3,9504.310749891654,51.635,9816.052142493123
12768,3,9505.310749891654,51.625,9815.18388033617
12769,3,9506.310749891654,51.616,8832.969253166413
12770,3,9507.310749891654,51.606,9813.63630225121
12771,3,9508.310749891654,51.597,8831.57574888995
12772,3,9509.310749891654,51.588,8830.964067548468
12773,3,9510.310749891654,51.578,9811.407188231273
12774,3,9511.310749891654,51.567,10791.485620276055
12775,3,9512.310749891654,51.558,8828.613414743526
12776,3,9513.310749891654,51.55,7847.18755840125
12777,3,9514.310749891654,51.541,8827.558285654059
12778,3,9515.310749891654,51.533,7846.24912187031
12779,3,9516.310749891654,51.526,6865.1902870095255
12780,3,9517.310749891654,51.522,3922.959352624135
12781,3,9518.310749891654,51.519,2942.3287739388693
12782,3,9519.310749891654,51.518,980.8412217343005
12783,3,9520.310749891654,51.516,1961.831395611071
12784,3,9521.310749891654,51.513,2942.913375751873
12785,3,9522.310749891654,51.508,4904.989878818479
12786,3,9523.310749891654,51.503,4905.028818287956
12787,3,9524.310749891654,51.496,6866.96138049457
12788,3,9525.310749891654,51.493,2943.0066864618866
12789,3,9526.310749891654,51.487,5886.116886143279
12790,3,9527.310749891654,51.483,3924.1087516701705
12791,3,9528.310749891654,51.478,4905.222015593512
12792,3,9529.310749891654,51.47,7848.187864641389
12793,3,9530.310749891654,51.463,6866.884334928121
12794,3,9531.310749891654,51.455,7847.547518061415
12795,3,9532.310749891654,51.446,8827.958776271744
12796,3,9533.310749891654,51.441,4904.268715616053
12797,3,9534.310749891654,51.436,4904.3064350855275
12798,3,9535.310749891654,51.43,5885.155653590353
12799,3,9536.310749891654,51.426,3923.4671139612497
12800,3,9537.310749891654,51.425,980.9219479417902
13408,3,10145.310749891654,51.424,1043.4350653131748
13409,3,10146.310749891654,51.413,11477.577744455595
13410,3,10147.310749891654,51.401,12519.427289265388
13411,3,10148.310749891654,51.389,12517.738343776833
13412,3,10149.310749891654,51.378,11473.156396178178
13413,3,10150.310749891654,51.366,12514.602332242892
13414,3,10151.310749891654,51.356,10427.62942850163
13415,3,10152.310749891654,51.343,13554.218102138644
13416,3,10153.310749891654,51.329,14594.450098383286
13417,3,10154.310749891654,51.314,15634.03377451753
13418,3,10155.310749891654,51.301,13547.133763799762
13419,3,10156.310749891654,51.288,13545.034925773703
13420,3,10157.310749891654,51.274,14584.557471821048
13421,3,10158.310749891654,51.262,12499.110612611163
13422,3,10159.310749891654,51.248,14580.033229602528
13423,3,10160.310749891654,51.234,14577.485527781171
13424,3,10161.310749891654,51.217,17697.619609834685
13425,3,10162.310749891654,51.201,16652.856678116623
13426,3,10163.310749891654,51.184,17689.699709173303
13427,3,10164.310749891654,51.168,16645.400541964736
13428,3,10165.310749891654,51.153,15601.87141859555
13429,3,10166.310749891654,51.138,15598.831393758099
13430,3,10167.310749891654,51.126,12476.998398323514
13431,3,10168.310749891654,51.11,16633.07868521294
13432,3,10169.310749891654,51.094,16629.507774108995
13433,3,10170.310749891654,51.08,14547.978627835031
13434,3,10171.310749891654,51.065,15584.228048215835
13435,3,10172.310749891654,51.052,13503.95613900497
13436,3,10173.310749891654,51.037,15578.746817185927
13437,3,10174.310749891654,51.024,13499.20428277905
13438,3,10175.310749891654,51.011,13497.091820745587
13439,3,10176.310749891654,50.997,14532.91149765228
13440,3,10177.310749891654,50.982,15568.079594448605
13441,3,10178.310749891654,50.968,14527.502933315993
13442,3,10179.310749891654,50.953,15562.2829640962
13443,3,10180.310749891654,50.94,13484.93124210866
13444,3,10181.310749891654,50.925,15556.788293066289
13445,3,10182.310749891654,50.911,14516.96116535917
13446,3,10183.310749891654,50.894,17624.10316517936
13447,3,10184.310749891654,50.88,14510.972591628266
13448,3,10185.310749891654,50.863,17616.829217648974
13449,3,10186.310749891654,50.847,16576.794661941858
13450,3,10187.310749891654,50.832,15537.533546074092
13451,3,10188.310749891654,50.815,17605.39078750515
13452,3,10189.310749891654,50.799,16566.025960630024
13453,3,10190.310749891654,50.783,16562.43434552608
13454,3,10191.310749891654,50.768,15524.0669694343
13455,3,10192.310749891654,50.753,15521.003694596848
13456,3,10193.310749891654,50.738,15517.939519759397
13457,3,10194.310749891654,50.724,14480.692202280097
13458,3,10195.310749891654,50.71,14478.116108458791
13459,3,10196.310749891654,50.699,11373.97444519627
13460,3,10197.310749891654,50.687,12406.374572262654
13461,3,10198.310749891654,50.674,13438.242686955044
13462,3,10199.310749891654,50.663,11369.243088082354
13463,3,10200.310749891654,50.65,13434.513079047112
13464,3,10201.310749891654,50.637,13432.38210501365
13465,3,10202.310749891654,50.623,14463.2038114794
13466,3,10203.310749891654,50.61,13427.852842867225
13467,3,10204.310749891654,50.598,12393.094588500884
13468,3,10205.310749891654,50.586,12391.369955004915
13469,3,10206.310749891654,50.574,12389.644745508946
13470,3,10207.310749891654,50.561,13420.112844971865
13471,3,10208.310749891654,50.551,10321.827165428396
13472,3,10209.310749891654,50.537,14448.543271193657
13473,3,10210.310749891654,50.525,12382.493100067073
13474,3,10211.310749891654,50.51,15475.496724230135
13475,3,10212.310749891654,50.497,13409.693334884047
13476,3,10213.310749891654,50.485,12376.326553747178
13477,3,10214.310749891654,50.473,12374.596616251209
13478,3,10215.310749891654,50.462,11341.906295939001
13479,3,10216.310749891654,50.45,12371.380204717268
13480,3,10217.310749891654,50.436,14430.97057239296
13481,3,10218.310749891654,50.424,12367.425866809335
13482,3,10219.310749891654,50.411,13396.034593047292
13483,3,10220.310749891654,50.397,14424.047205054077
13484,3,10221.310749891654,50.383,14421.4517632328
13485,3,10222.310749891654,50.37,13389.070174795226
13486,3,10223.310749891654,50.355,15446.144629243137
13487,3,10224.310749891654,50.341,14413.66073379093
13488,3,10225.310749891654,50.326,15440.270358890733
13489,3,10226.310749891654,50.314,12350.110966429622
13490,3,10227.310749891654,50.3,14406.149013057367
13491,3,10228.310749891654,50.287,13374.856214189644
13492,3,10229.310749891654,50.273,14401.23284612314
13493,3,10230.310749891654,50.26,13370.289798050528
13494,3,10231.310749891654,50.246,14396.313655196223
13495,3,10232.310749891654,50.233,13365.720573904102
13496,3,10233.310749891654,50.219,14391.391440269306
13497,3,10234.310749891654,50.206,13361.148541750375
13498,3,10235.310749891654,50.194,12331.502391469932
13499,3,10236.310749891654,50.181,13357.105989770245
13500,3,10237.310749891654,50.17,11300.568081681713
13501,3,10238.310749891654,50.16,10272.097175371551
13502,3,10239.310749891654,50.148,12325.017392394753
13503,3,10240.310749891654,50.136,12323.271878906084
13504,3,10241.310749891654,50.123,13348.186468159405
13505,3,10242.310749891654,50.109,14372.502075159646
13506,3,10243.310749891654,50.096,13343.60239801298
13507,3,10244.310749891654,50.083,13341.442485972222
13508,3,10245.310749891654,50.072,11287.310079704952
13509,3,10246.310749891654,50.061,11285.93217751077
13510,3,10247.310749891654,50.05,11284.553791309294
13511,3,10248.310749891654,50.038,12308.795116022337
13512,3,10249.310749891654,50.025,13332.498160361387
13513,3,10250.310749891654,50.013,12305.047041572401
13514,3,10251.310749891654,50.0,13328.436446373958
13515,3,10252.310749891654,49.989,11276.301295282938
13516,3,10253.310749891654,49.978,11274.919873074181
13517,3,10254.310749891654,49.967,11273.53796687999
13518,3,10255.310749891654,49.956,11272.155576671235
13519,3,10256.310749891654,49.944,12295.265326970582
13520,3,10257.310749891654,49.932,12293.510021474613
13521,3,10258.310749891654,49.921,11267.554136401099
13522,3,10259.310749891654,49.91,11266.169766199624
13523,3,10260.310749891654,49.899,11264.784911990873
13524,3,10261.310749891654,49.888,11263.399573796676
13525,3,10262.310749891654,49.877,11262.013751587927
13526,3,10263.310749891654,49.866,11260.627445393728
13527,3,10264.310749891654,49.855,11259.240655192252
13528,3,10265.310749891654,49.844,11257.853380983506
13529,3,10266.310749891654,49.833,11256.465622789305
13530,3,10267.310749891654,49.822,11255.07738058056
13531,3,10268.310749891654,49.811,11253.688654386357
13532,3,10269.310749891654,49.801,10229.465824180039
13533,3,10270.310749891654,49.79,11251.135696819907
13534,3,10271.310749891654,49.779,11249.745540611166
13535,3,10272.310749891654,49.767,12270.809350905041
13536,3,10273.310749891654,49.755,12269.045189409073
13537,3,10274.310749891654,49.743,12267.280451913104
13538,3,10275.310749891654,49.731,12265.515138417135
13539,3,10276.310749891654,49.72,11241.88318426507
13540,3,10277.310749891654,49.707,13283.94828708129
13541,3,10278.310749891654,49.696,11238.644158189127
13542,3,10279.310749891654,49.684,12258.694827891255
13543,3,10280.310749891654,49.671,13278.203569219393
13544,3,10281.310749891654,49.659,12254.91116144132
13545,3,10282.310749891654,49.646,13274.103297231964
13546,3,10283.310749891654,49.632,14292.69134479137
13547,3,10284.310749891654,49.62,12248.860926579422
13548,3,10285.310749891654,49.608,12247.089781083452
13549,3,10286.310749891654,49.594,14285.916386146233
13550,3,10287.310749891654,49.581,13263.17256706465
13551,3,10288.310749891654,49.569,12241.032130221554
13552,3,10289.310749891654,49.556,13259.063065084467
13553,3,10290.310749891654,49.543,13256.873565043756
13554,3,10291.310749891654,49.53,13254.683389010293
13555,3,10292.310749891654,49.517,13252.492536976832
13556,3,10293.310749891654,49.503,14269.410826362759
13557,3,10294.310749891654,49.49,13247.841152830408
13558,3,10295.310749891654,49.479,11208.082705669136
13559,3,10296.310749891654,49.465,14262.614391717632
13560,3,10297.310749891654,49.453,12223.072617093856
13561,3,10298.310749891654,49.441,12221.293719597887
13562,3,10299.310749891654,49.429,12219.514246101919
13563,3,10300.310749891654,49.417,12217.734196605948
13564,3,10301.310749891654,49.403,14251.657396263057
13565,3,10302.310749891654,49.391,12213.677858698016
13566,3,10303.310749891654,49.378,13229.420092926724
13567,3,10304.310749891654,49.366,12209.866328248081
13568,3,10305.310749891654,49.354,12208.083326752112
13569,3,10306.310749891654,49.343,11189.221472898229
13570,3,10307.310749891654,49.333,10170.841955568292
13571,3,10308.310749891654,49.32,13220.29514531589
13572,3,10309.310749891654,49.308,12201.440407684231
13573,3,10310.310749891654,49.297,11183.130106426564
13574,3,10311.310749891654,49.286,11181.719424217867
13575,3,10312.310749891654,49.275,11180.308258023615
13576,3,10313.310749891654,49.266,9146.555591446007
13577,3,10314.310749891654,49.258,8129.657218574097
13578,3,10315.310749891654,49.25,8129.125050805332
13579,3,10316.310749891654,49.24,10160.53445756627
13580,3,10317.310749891654,49.23,10159.455895423509
13581,3,10318.310749891654,49.221,9142.632104738595
13582,3,10319.310749891654,49.212,9141.846435389896
13583,3,10320.310749891654,49.202,10156.630621403569
13584,3,10321.310749891654,49.192,10155.550499246374
13585,3,10322.310749891654,49.183,9139.115880185669
13586,3,10323.310749891654,49.173,10153.595521161416
13587,3,10324.310749891654,49.164,9137.355715909207
13588,3,10325.310749891654,49.155,9136.568048567724
13589,3,10326.310749891654,49.145,10150.763467141476
13590,3,10327.310749891654,49.133,12179.369350534686
13591,3,10328.310749891654,49.123,10148.185010418736
13592,3,10329.310749891654,49.113,10147.101708261547
13593,3,10330.310749891654,49.104,9131.509178299324
13594,3,10331.310749891654,49.092,12173.920684756791
13595,3,10332.310749891654,49.082,10143.642755596615
13596,3,10333.310749891654,49.072,10142.557833446637
13597,3,10334.310749891654,49.061,11155.50608501312
13598,3,10335.310749891654,49.049,12167.968052062903
13599,3,10336.310749891654,49.039,10138.680488351709
13600,3,10337.310749891654,49.03,9123.927551380468
13601,3,10338.310749891654,49.021,9123.135366038985
13602,3,10339.310749891654,49.012,9122.342856697504
13603,3,10340.310749891654,49.001,11148.333652823261
13604,3,10341.310749891654,48.99,11146.909198614587
13605,3,10342.310749891654,48.979,11145.484260420313
13606,3,10343.310749891654,48.967,12157.030976507116
13607,3,10344.310749891654,48.955,12155.227167011148
13608,3,10345.310749891654,48.945,10128.059224141914
13609,3,10346.310749891654,48.933,12152.114442935204
13610,3,10347.310749891654,48.922,11137.897027739946
13611,3,10348.310749891654,48.911,11136.46914153128
13612,3,10349.310749891654,48.9,11135.040771336999
13613,3,10350.310749891654,48.888,12145.63425132532
13614,3,10351.310749891654,48.879,9108.149382762262
13615,3,10352.310749891654,48.867,12142.763598707375
13616,3,10353.310749891654,48.856,11129.322450523912
13617,3,10354.310749891654,48.846,10116.368688864319
13618,3,10355.310749891654,48.833,13149.453183600772
13619,3,10356.310749891654,48.822,11124.800789082996
13620,3,10357.310749891654,48.809,13145.529875700026
13621,3,10358.310749891654,48.798,11121.480011007054
13622,3,10359.310749891654,48.786,12130.835762609586
13623,3,10360.310749891654,48.778,8086.346864022135
13624,3,10361.310749891654,48.77,8085.801128238968
13625,3,10362.310749891654,48.761,9095.818767729492
13626,3,10363.310749891654,48.75,11115.904739862352
13627,3,10364.310749891654,48.74,10104.166550067364
13628,3,10365.310749891654,48.729,11113.2612082959
13629,3,10366.310749891654,48.719,10101.76249955241
13630,3,10367.310749891654,48.71,9090.69047146109
13631,3,10368.310749891654,48.701,9089.887666119608
13632,3,10369.310749891654,48.692,9089.084536778126
13633,3,10370.310749891654,48.683,9088.281083436643
13634,3,10371.310749891654,48.673,10097.09329366251
13635,3,10372.310749891654,48.662,11105.477535250559
13636,3,10373.310749891654,48.653,9085.3086206317
13637,3,10374.310749891654,48.644,9084.503817290219
13638,3,10375.310749891654,48.633,11102.070141984956
13639,3,10376.310749891654,48.623,10091.58478291979
13640,3,10377.310749891654,48.614,9081.527088485276
13641,3,10378.310749891654,48.604,10089.586144827661
13642,3,10379.310749891654,48.594,10088.482462677683
13643,3,10380.310749891654,48.584,10087.378380527705
13644,3,10381.310749891654,48.574,10086.273898384894
13645,3,10382.310749891654,48.564,10085.169016227748
13646,3,10383.310749891654,48.555,9075.750810468891
13647,3,10384.310749891654,48.544,11091.368084543836
13648,3,10385.310749891654,48.532,12097.973116278245
13649,3,10386.310749891654,48.52,12096.146770775114
13650,3,10387.310749891654,48.509,11086.574122266418
13651,3,10388.310749891654,48.496,13100.33509581023
13652,3,10389.310749891654,48.486,10075.761351465078
13653,3,10390.310749891654,48.476,10074.653109307941
13654,3,10391.310749891654,48.465,11080.784609453363
13655,3,10392.310749891654,48.455,10072.227578800144
13656,3,10393.310749891654,48.446,9064.099844777604
13657,3,10394.310749891654,48.439,7049.369579020652
13658,3,10395.310749891654,48.43,9062.850213281636
13659,3,10396.310749891654,48.421,9062.037831940153
13660,3,10397.310749891654,48.413,8054.505513242757
13661,3,10398.310749891654,48.404,9060.599266843532
13662,3,10399.310749891654,48.396,8053.226244718787
13663,3,10400.310749891654,48.39,6039.626857434311
13664,3,10401.310749891654,48.383,7045.962316392739
13665,3,10402.310749891654,48.378,5032.689952353907
13666,3,10403.310749891654,48.376,2013.1238565924946
13790,3,10527.310749891654,48.375,1018.5278423603936
13791,3,10528.310749891654,48.365,10185.08781944316
13792,3,10529.310749891654,48.356,9165.649185362783
13793,3,10530.310749891654,48.347,9164.8137640213
13794,3,10531.310749891654,48.339,8145.842489314916
13795,3,10532.310749891654,48.332,7127.183087517291
13796,3,10533.310749891654,48.322,10180.866172198253
13797,3,10534.310749891654,48.313,9161.848073842368
13798,3,10535.310749891654,48.303,10178.795834120529
13799,3,10536.310749891654,48.295,8142.292366539759
13800,3,10537.310749891654,48.287,8141.716374771005
13801,3,10538.310749891654,48.278,9158.687798069936
13802,3,10539.310749891654,48.27,8140.394994239804
13803,3,10540.310749891654,48.261,9157.20063298047
13804,3,10541.310749891654,48.251,10173.629830940637
13805,3,10542.310749891654,48.242,9155.332720704006
13806,3,10543.310749891654,48.234,8137.411583247868
13807,3,10544.310749891654,48.225,9153.843035614538
13808,3,10545.310749891654,48.216,9153.002826273056
13809,3,10546.310749891654,48.208,8135.33974198314
13810,3,10547.310749891654,48.201,7117.989774601992
13811,3,10548.310749891654,48.192,9151.049863029102
13812,3,10549.310749891654,48.183,9150.208411687621
13813,3,10550.310749891654,48.175,8132.854745907196
13814,3,10551.310749891654,48.162,13214.261108258153
13815,3,10552.310749891654,48.15,12195.769835323243
13816,3,10553.310749891654,48.14,10161.782921068652
13817,3,10554.310749891654,48.129,11176.582357397347
13818,3,10555.310749891654,48.12,9143.442939297243
13819,3,10556.310749891654,48.112,8126.839168664085
13820,3,10557.310749891654,48.103,9141.944884207776
13821,3,10558.310749891654,48.092,11172.223728446934
13822,3,10559.310749891654,48.081,11170.726520238244
13823,3,10560.310749891654,48.07,11169.228828043986
13824,3,10561.310749891654,48.059,11167.73065184251
13825,3,10562.310749891654,48.049,10151.22561550385
13826,3,10563.310749891654,48.038,11164.96524027606
13827,3,10564.310749891654,48.028,10148.710764988897
13828,3,10565.310749891654,48.017,11162.1979807024
13829,3,10566.310749891654,48.009,8117.124448555479
13830,3,10567.310749891654,47.998,11159.893834816154
13831,3,10568.310749891654,47.986,12172.664868211667
13832,3,10569.310749891654,47.976,10142.521981809012
13833,3,10570.310749891654,47.967,9127.32591849204
13834,3,10571.310749891654,47.956,11154.350251676047
13835,3,10572.310749891654,47.946,10139.057455366281
13836,3,10573.310749891654,47.936,10137.901813209099
13837,3,10574.310749891654,47.927,9123.16636275212
13838,3,10575.310749891654,47.917,10135.80083512414
13839,3,10576.310749891654,47.907,10134.644012981364
13840,3,10577.310749891654,47.896,11146.719119486193
13841,3,10578.310749891654,47.886,10132.11760245921
13842,3,10579.310749891654,47.875,11143.939143926944
13843,3,10580.310749891654,47.866,9116.725783548738
13844,3,10581.310749891654,47.856,10128.642276009274
13845,3,10582.310749891654,47.848,8102.1557440637525
13846,3,10583.310749891654,47.837,11139.304980132838
13847,3,10584.310749891654,47.826,11137.79611193856
13848,3,10585.310749891654,47.816,10124.002907409362
13849,3,10586.310749891654,47.807,9110.653135532353
13850,3,10587.310749891654,47.799,8097.683452435836
13851,3,10588.310749891654,47.79,9109.134326442885
13852,3,10589.310749891654,47.782,8096.3328559118645
13853,3,10590.310749891654,47.773,9107.614293346229
13854,3,10591.310749891654,47.763,10118.514638021668
13855,3,10592.310749891654,47.754,9105.711713076955
13856,3,10593.310749891654,47.744,10116.39989992952
13857,3,10594.310749891654,47.736,8092.358323199944
13858,3,10595.310749891654,47.728,8091.76596341677
13859,3,10596.310749891654,47.721,7079.850853369919
13860,3,10597.310749891654,47.713,8090.750032836797
13861,3,10598.310749891654,47.706,7078.961494105256
13862,3,10599.310749891654,47.697,9100.854391247567
13863,3,10600.310749891654,47.69,7077.922890504465
13864,3,10601.310749891654,47.683,7077.5516710437905
13865,3,10602.310749891654,47.675,8088.121187908047
13866,3,10603.310749891654,47.668,7076.660197786314
13867,3,10604.310749891654,47.661,7076.288376332825
13868,3,10605.310749891654,47.655,6065.1347966202675
13869,3,10606.310749891654,47.648,7075.692633776344
13870,3,10607.310749891654,47.638,10107.282121146933
13871,3,10608.310749891654,47.631,7074.50209781787
13872,3,10609.310749891654,47.622,9095.118091735212
13873,3,10610.310749891654,47.615,7073.459154209895
13874,3,10611.310749891654,47.607,8083.441857812164
13875,3,10612.310749891654,47.6,7072.563886952418
13876,3,10613.310749891654,47.592,8082.41821523219
13877,3,10614.310749891654,47.583,9091.953230588788
13878,3,10615.310749891654,47.576,7070.996489540455
13879,3,10616.310749891654,47.568,8080.626159904231
13880,3,10617.310749891654,47.56,8080.028296121068
13881,3,10618.310749891654,47.552,8079.430176352258
13882,3,10619.310749891654,47.544,8078.831800576272
13883,3,10620.310749891654,47.534,10097.579054779977
13884,3,10621.310749891654,47.525,9086.860607165901
13885,3,10622.310749891654,47.518,7067.033964211544
13886,3,10623.310749891654,47.509,9085.512155669932
13887,3,10624.310749891654,47.502,7065.984720603569
13888,3,10625.310749891654,47.493,9084.162552173964
13889,3,10626.310749891654,47.486,7064.934581002764
13890,3,10627.310749891654,47.479,7064.557957542103
13891,3,10628.310749891654,47.471,8073.264845620396
13892,3,10629.310749891654,47.465,6054.625472103344
13893,3,10630.310749891654,47.456,9081.357540214536
13894,3,10631.310749891654,47.447,9080.489556873054
13895,3,10632.310749891654,47.437,10088.361731932358
13896,3,10633.310749891654,47.429,8069.917260789301
13897,3,10634.310749891654,47.422,7060.725062570858
13898,3,10635.310749891654,47.415,7060.346759110202
13899,3,10636.310749891654,47.408,7059.968259656713
13900,3,10637.310749891654,47.401,7059.589564203224
13901,3,10638.310749891654,47.392,9075.936518230661
13902,3,10639.310749891654,47.384,8066.810525056546
13903,3,10640.310749891654,47.376,8066.206773280559
13904,3,10641.310749891654,47.369,7057.4769089872725
13905,3,10642.310749891654,47.362,7057.097177533784
13906,3,10643.310749891654,47.354,8064.734567896597
13907,3,10644.310749891654,47.348,6048.225099817666
13908,3,10645.310749891654,47.344,4032.1030621127275
13909,3,10646.310749891654,47.343,1008.0672259726417
14077,3,10814.310749891654,47.341,2047.8843980879856
14078,3,10815.310749891654,47.335,6143.702163340687
14079,3,10816.310749891654,47.329,6143.491444966694
14080,3,10817.310749891654,47.321,8190.867699820696
14081,3,10818.310749891654,47.314,7166.535864709824
14082,3,10819.310749891654,47.305,9213.411274596336
14083,3,10820.310749891654,47.298,7165.437005101849
14084,3,10821.310749891654,47.29,8188.529129688749
14085,3,10822.310749891654,47.283,7164.488761844372
14086,3,10823.310749891654,47.275,8187.444943108774
14087,3,10824.310749891654,47.265,10233.303382945534
14088,3,10825.310749891654,47.257,8185.840181612805
14089,3,10826.310749891654,47.249,8185.2105898295495
14090,3,10827.310749891654,47.24,9207.555889018962
14091,3,10828.310749891654,47.232,8183.777385312848
14092,3,10829.310749891654,47.223,9205.942921929494
14093,3,10830.310749891654,47.214,9205.038506588013
14094,3,10831.310749891654,47.204,10226.706983830667
14095,3,10832.310749891654,47.197,7158.066769701504
14096,3,10833.310749891654,47.189,8180.102947516922
14097,3,10834.310749891654,47.184,5112.332042000241
14098,3,10835.310749891654,47.177,7157.015303691534
14099,3,10836.310749891654,47.174,3067.2502666891987
14100,3,10837.310749891654,47.173,1022.467757317645
14116,3,10853.310749891654,47.171,2047.8894987780593
14117,3,10854.310749891654,47.162,9215.277263726113
14118,3,10855.310749891654,47.153,9214.367700384631
14119,3,10856.310749891654,47.144,9213.45781304315
14120,3,10857.310749891654,47.135,9212.547601701666
14121,3,10858.310749891654,47.125,10235.043712845836
14122,3,10859.310749891654,47.114,11257.076443352285
14123,3,10860.310749891654,47.104,10232.367582330882
14124,3,10861.310749891654,47.095,9208.121501961745
14125,3,10862.310749891654,47.084,11253.017205250087
14126,3,10863.310749891654,47.075,9205.906292091784
14127,3,10864.310749891654,47.066,9204.9937047503
14128,3,10865.310749891654,47.057,9204.080793408819
14129,3,10866.310749891654,47.047,10225.633068083274
14130,3,10867.310749891654,47.039,8179.694393709916
14131,3,10868.310749891654,47.029,10223.602556206048
14132,3,10869.310749891654,47.02,9200.23026044939
14133,3,10870.310749891654,47.013,7155.175515217046
14134,3,10871.310749891654,47.005,8176.791152661976
14135,3,10872.310749891654,47.0,5110.257860220439
14136,3,10873.310749891654,46.995,5110.184219682945
14137,3,10874.310749891654,46.989,6132.067329107135
14138,3,10875.310749891654,46.982,7153.74678534433
14139,3,10876.310749891654,46.973,9196.953988554982
14140,3,10877.310749891654,46.966,7152.625861736356
14141,3,10878.310749891654,46.96,6130.5372929661735
14366,3,11103.310749891654,46.955,5213.8371453830405
14367,3,11104.310749891654,46.948,7299.096646427339
14368,3,11105.310749891654,46.937,11468.843097292262
14369,3,11106.310749891654,46.93,7297.612498118367
14370,3,11107.310749891654,46.919,11466.510072235304
14371,3,11108.310749891654,46.913,6253.890085703239
14372,3,11109.310749891654,46.904,9380.179859596217
14373,3,11110.310749891654,46.896,8337.177186721481
14374,3,11111.310749891654,46.887,9378.468504514156
14375,3,11112.310749891654,46.879,8335.655438197511
14376,3,11113.310749891654,46.872,7293.187972789456
14377,3,11114.310749891654,46.863,9376.199263270204
14378,3,11115.310749891654,46.854,9375.242197928721
14379,3,11116.310749891654,46.846,8332.786538121567
14380,3,11117.310749891654,46.838,8332.11312233818
14381,3,11118.310749891654,46.831,7290.087347419019
14382,3,11119.310749891654,46.822,9372.211286936783
14383,3,11120.310749891654,46.814,8330.091339017621
14384,3,11121.310749891654,46.805,9370.493919847317
14385,3,11122.310749891654,46.795,10410.482861896517
14386,3,11123.310749891654,46.787,8327.533332773668
14387,3,11124.310749891654,46.779,8326.858076990286
14388,3,11125.310749891654,46.771,8326.182565221696
14389,3,11126.310749891654,46.761,10406.660970586592
14390,3,11127.310749891654,46.753,8324.474699725726
14391,3,11128.310749891654,46.744,9364.173031643935
14392,3,11129.310749891654,46.736,8322.943751201754
14393,3,11130.310749891654,46.729,7282.061459668176
14394,3,11131.310749891654,46.72,9361.888724399982
14395,3,11132.310749891654,46.711,9360.9263310585
14396,3,11133.310749891654,46.703,8320.056723118421
14397,3,11134.310749891654,46.693,10399.00086797413
14398,3,11135.310749891654,46.684,9358.03720703405
14399,3,11136.310749891654,46.675,9357.073517692568
14400,3,11137.310749891654,46.664,11434.999928921017
14401,3,11138.310749891654,46.655,9354.74418782261
14402,3,11139.310749891654,46.646,9353.779490481125
14403,3,11140.310749891654,46.637,9352.814469139643
14404,3,11141.310749891654,46.626,11429.792709141493
14405,3,11142.310749891654,46.615,11428.122162932637
14406,3,11143.310749891654,46.606,9349.115142741204
14407,3,11144.310749891654,46.595,11425.269968210067
14408,3,11145.310749891654,46.585,10385.200556746977
14409,3,11146.310749891654,46.576,9345.613101936262
14410,3,11147.310749891654,46.566,10382.82817866202
14411,3,11148.310749891654,46.556,10381.529936519417
14412,3,11149.310749891654,46.547,9342.308508724818
14413,3,11150.310749891654,46.537,10379.155258427081
14414,3,11151.310749891654,46.528,9340.170614448354
14415,3,11152.310749891654,46.518,10376.779060342124
14416,3,11153.310749891654,46.51,8300.56153953014
14417,3,11154.310749891654,46.501,9337.262374423908
14418,3,11155.310749891654,46.492,9336.292313082426
14419,3,11156.310749891654,46.482,10372.468356602203
14420,3,11157.310749891654,46.474,8297.111824538199
14421,3,11158.310749891654,46.468,6222.454306291448
14422,3,11159.310749891654,46.461,7259.165120741958
14423,3,11160.310749891654,46.454,7258.721913281101
14424,3,11161.310749891654,46.448,6221.448547718843
14425,3,11162.310749891654,46.443,5184.391039343581
14426,3,11163.310749891654,46.439,4147.482516283448
14427,3,11164.310749891654,46.436,3110.6560826886803
14571,3,11308.310749891654,46.429,7351.023944518611
14572,3,11309.310749891654,46.42,9450.52374435057
14573,3,11310.310749891654,46.412,8399.670140274342
14574,3,11311.310749891654,46.403,9448.733765261102
14575,3,11312.310749891654,46.396,7348.397876952162
14576,3,11313.310749891654,46.388,8397.553796946382
14577,3,11314.310749891654,46.38,8396.847837162939
14578,3,11315.310749891654,46.373,7346.703125898154
14579,3,11316.310749891654,46.366,7346.243398437207
14580,3,11317.310749891654,46.358,8395.090575786433
14581,3,11318.310749891654,46.352,6295.92353773497
14582,3,11319.310749891654,46.347,5246.4439360162605
14583,3,11320.310749891654,46.339,8393.874577318466
14584,3,11321.310749891654,46.333,6295.011058883994
14585,3,11322.310749891654,46.324,9441.822124374756
14586,3,11323.310749891654,46.315,9440.821661033275
14587,3,11324.310749891654,46.307,8391.042482207067
14588,3,11325.310749891654,46.299,8390.333818438534
14589,3,11326.310749891654,46.292,7341.0010705003215
14590,3,11327.310749891654,46.285,7340.539131054283
14591,3,11328.310749891654,46.278,7340.076995593343
14592,3,11329.310749891654,46.271,7339.614664139854
14593,3,11330.310749891654,46.266,5242.364829316302
14594,3,11331.310749891654,46.259,7339.006689933872
14595,3,11332.310749891654,46.256,3145.2261870787984
14596,3,11333.310749891654,46.248,8387.01262086662
14597,3,11334.310749891654,46.243,5241.608677836378
14598,3,11335.310749891654,46.235,8386.134940230644
14599,3,11336.310749891654,46.23,5241.05986744634
14600,3,11337.310749891654,46.224,6289.0783684231355
14601,3,11338.310749891654,46.219,5240.737303256405
14602,3,11339.310749891654,46.213,6288.691027404151
14603,3,11340.310749891654,46.207,6288.4291170301585
14604,3,11341.310749891654,46.198,9431.944378594002
14605,3,11342.310749891654,46.19,8383.147244490721
14606,3,11343.310749891654,46.181,9430.136615504534
14607,3,11344.310749891654,46.174,7333.926735141502
14608,3,11345.310749891654,46.169,5238.300152888904
14609,3,11346.310749891654,46.163,6285.765384954215
14610,3,11347.310749891654,46.156,7333.00666783253
14611,3,11348.310749891654,46.149,7332.540766379041
14612,3,11349.310749891654,46.143,6284.703526374242
14613,3,11350.310749891654,46.137,6284.44005600025
14614,3,11351.310749891654,46.134,3142.190382609878
14615,3,11352.310749891654,46.133,1047.443655957812
14625,3,11362.310749891654,46.13,3144.9626301518806
14626,3,11363.310749891654,46.123,7338.096546273528
14627,3,11364.310749891654,46.116,7337.628614812589
14628,3,11365.310749891654,46.11,6289.0628953172845
14629,3,11366.310749891654,46.104,6288.797876943292
14630,3,11367.310749891654,46.097,7336.541929153119
14631,3,11368.310749891654,46.09,7336.07324169963
14632,3,11369.310749891654,46.082,8383.45688351491
14633,3,11370.310749891654,46.074,8382.738859738922
14634,3,11371.310749891654,46.068,6286.651890699339
14635,3,11372.310749891654,46.063,5238.711808486575
14636,3,11373.310749891654,46.059,4190.928531611198
14637,3,11374.310749891654,46.055,4190.933041659757
14638,3,11375.310749891654,46.051,4190.93748771576
14639,3,11376.310749891654,46.045,6286.276288932369
14640,3,11377.310749891654,46.039,6286.009698558377
14641,3,11378.310749891654,46.034,5238.176028376552
14642,3,11379.310749891654,46.028,6285.612637539391
14643,3,11380.310749891654,46.02,8380.278751243572
14644,3,11381.310749891654,46.011,9426.900686609868
14645,3,11382.310749891654,46.002,9425.885031268384
14646,3,11383.310749891654,45.993,9424.869051926902
14647,3,11384.310749891654,45.984,9423.85274858542
14648,3,11385.310749891654,45.978,6282.0956830894565
14649,3,11386.310749891654,45.971,7328.719209997751
14650,3,11387.310749891654,45.963,8375.048211839672
14651,3,11388.310749891654,45.954,9421.014232780477
14652,3,11389.310749891654,45.944,10466.54879293335
14653,3,11390.310749891654,45.938,6279.387193929509
14654,3,11391.310749891654,45.932,6279.118311555516
14655,3,11392.310749891654,45.926,6278.849285181524
14656,3,11393.310749891654,45.92,6278.580114807532
14657,3,11394.310749891654,45.912,8370.898758275198
14658,3,11395.310749891654,45.905,7323.982729857414
14659,3,11396.310749891654,45.895,10461.813268398459
14660,3,11397.310749891654,45.886,9414.50920142261
14661,3,11398.310749891654,45.878,8367.636701227257
14662,3,11399.310749891654,45.87,8366.91170145127
14663,3,11400.310749891654,45.863,7320.492942136478
14664,3,11401.310749891654,45.857,6274.369331880613
14665,3,11402.310749891654,45.849,8365.282477039305
14666,3,11403.310749891654,45.839,10455.46756035858
14667,3,11404.310749891654,45.831,8363.465331535908
14668,3,11405.310749891654,45.823,8362.73881176735
14669,3,11406.310749891654,45.814,9407.16088369075
14670,3,11407.310749891654,45.806,8361.102487243379
14671,3,11408.310749891654,45.8,6270.418287327687
14672,3,11409.310749891654,45.792,8360.012721627978
14673,3,11410.310749891654,45.784,8359.284937859416
14674,3,11411.310749891654,45.775,9403.273808544325
14675,3,11412.310749891654,45.767,8357.646005328023
14676,3,11413.310749891654,45.759,8356.91743755946
14677,3,11414.310749891654,45.75,9400.609461706876
14678,3,11415.310749891654,45.741,9399.583762365392
14679,3,11416.310749891654,45.734,7310.149180922177
14680,3,11417.310749891654,45.725,9397.942414869423
14681,3,11418.310749891654,45.718,7308.8721293142025
14682,3,11419.310749891654,45.71,8352.357945931542
14683,3,11420.310749891654,45.7,10439.306056473884
14684,3,11421.310749891654,45.693,7306.794973559157
14685,3,11422.310749891654,45.685,8349.98329362417
14686,3,11423.310749891654,45.674,11479.844714795776
14687,3,11424.310749891654,45.664,10434.736952733963
14688,3,11425.310749891654,45.655,9390.13157132456
14689,3,11426.310749891654,45.644,11475.318196700846
14690,3,11427.310749891654,45.634,10430.62070628403
14691,3,11428.310749891654,45.623,11472.046895134394
14692,3,11429.310749891654,45.614,9384.98422399114
14693,3,11430.310749891654,45.606,8341.38357283631
14694,3,11431.310749891654,45.596,10425.58403012152
14695,3,11432.310749891654,45.585,11466.504791340076
14696,3,11433.310749891654,45.575,10422.606079599158
14697,3,11434.310749891654,45.565,10421.230817456586
14698,3,11435.310749891654,45.556,9377.972557568251
14699,3,11436.310749891654,45.545,11460.452801880174
14700,3,11437.310749891654,45.535,10417.102631006648
14701,3,11438.310749891654,45.524,11457.172524313726
14702,3,11439.310749891654,45.514,10414.119720484292
14703,3,11440.310749891654,45.505,9371.570797299852
14704,3,11441.310749891654,45.495,10411.592782406731
14705,3,11442.310749891654,45.486,9369.295869023388
14706,3,11443.310749891654,45.477,9368.260881681905
14707,3,11444.310749891654,45.467,10407.913968379395
14708,3,11445.310749891654,45.456,11447.061882431892
14709,3,11446.310749891654,45.446,10404.925397871835
14710,3,11447.310749891654,45.437,9363.293485941984
14711,3,11448.310749891654,45.428,9362.2568066005
14712,3,11449.310749891654,45.421,7281.109026216161
14713,3,11450.310749891654,45.411,10400.546260339519
14714,3,11451.310749891654,45.403,8319.514675528064
14715,3,11452.310749891654,45.394,9358.519132421567
14716,3,11453.310749891654,45.387,7278.201022299213
14717,3,11454.310749891654,45.377,10396.390609029593
14718,3,11455.310749891654,45.369,8316.189034480121
14719,3,11456.310749891654,45.362,7276.0977145367515
14720,3,11457.310749891654,45.356,6236.305899652263
14721,3,11458.310749891654,45.35,6236.025209278271
14722,3,11459.310749891654,45.343,7274.9548888772815
14723,3,11460.310749891654,45.336,7274.4666294311755
14724,3,11461.310749891654,45.329,7273.978173970302
14725,3,11462.310749891654,45.322,7273.489522516813
14726,3,11463.310749891654,45.313,9350.794528348226
14727,3,11464.310749891654,45.307,6233.375040931327
14728,3,11465.310749891654,45.299,8310.607566440241
14729,3,11466.310749891654,45.291,8309.864726664255
14730,3,11467.310749891654,45.282,9347.658628949785
14731,3,11468.310749891654,45.273,9346.615919600923
14732,3,11469.310749891654,45.267,6230.588371771379
14733,3,11470.310749891654,45.26,7268.609748793287
14734,3,11471.310749891654,45.253,7268.119249332419
14735,3,11472.310749891654,45.246,7267.628553878931
14736,3,11473.310749891654,45.237,9343.256189242373
14737,3,11474.310749891654,45.227,10380.120476787297
14738,3,11475.310749891654,45.22,7265.35201976597
14739,3,11476.310749891654,45.214,6227.0921181344465
14740,3,11477.310749891654,45.207,7264.52940720949
14741,3,11478.310749891654,45.202,5188.712982937427
14742,3,11479.310749891654,45.193,9339.050657128459
14743,3,11480.310749891654,45.183,10375.445643320018
14744,3,11481.310749891654,45.173,10374.05314117004
14745,3,11482.310749891654,45.164,9335.497555917016
14746,3,11483.310749891654,45.155,9334.450292575533
14747,3,11484.310749891654,45.146,9333.40270523405
14748,3,11485.310749891654,45.138,8295.518365948516
14749,3,11486.310749891654,45.129,9331.513312144583
14750,3,11487.310749891654,45.122,7257.188977417121
14751,3,11488.310749891654,45.114,8293.273670620556
14752,3,11489.310749891654,45.106,8292.524926837204
14753,3,11490.310749891654,45.097,9328.144505152646
14754,3,11491.310749891654,45.088,9327.094739811164
14755,3,11492.310749891654,45.08,8289.909405572615
14756,3,11493.310749891654,45.073,7253.095108242696
14757,3,11494.310749891654,45.064,9324.56419256721
14758,3,11495.310749891654,45.058,6215.88237241065
14759,3,11496.310749891654,45.05,8287.276552412664
14760,3,11497.310749891654,45.042,8286.525760629318
14761,3,11498.310749891654,45.035,7250.133361931114
14762,3,11499.310749891654,45.027,8285.207398049346
14763,3,11500.310749891654,45.022,5177.957413587616
14764,3,11501.310749891654,45.016,6213.330103792704
14765,3,11502.310749891654,45.013,3106.624603506105
14766,3,11503.310749891654,45.01,3106.687630912607
14767,3,11504.310749891654,45.009,1035.6065493920833
14784,3,11521.310749891654,45.004,5185.33872265264
14785,3,11522.310749891654,44.994,10369.849228685427
14786,3,11523.310749891654,44.987,7258.153172099826
14787,3,11524.310749891654,44.978,9331.061549526377
14788,3,11525.310749891654,44.97,8293.429210652806
14789,3,11526.310749891654,44.963,7256.1699326878625
14790,3,11527.310749891654,44.954,9328.510806282424
14791,3,11528.310749891654,44.949,5182.148606740198
14792,3,11529.310749891654,44.943,6218.356811575799
14793,3,11530.310749891654,44.94,3109.1367633976524
14846,3,11583.310749891654,44.939,1041.0963868870856
14906,3,11643.310749891654,44.931,8371.0746967449
14907,3,11644.310749891654,44.926,5231.614155260314
14908,3,11645.310749891654,44.921,5231.481174730254
14928,3,11665.310749891654,44.917,4191.952748592743
15020,3,11757.310749891654,44.914,3168.512945920672
15021,3,11758.310749891654,44.905,9505.077419201027
15022,3,11759.310749891654,44.899,6336.198855499861
15023,3,11760.310749891654,44.891,8447.666417864993
15024,3,11761.310749891654,44.883,8446.879290081506
15025,3,11762.310749891654,44.876,7390.412754201956
15026,3,11763.310749891654,44.872,4222.934452722764
15027,3,11764.310749891654,44.869,3167.223033018201
15028,3,11765.310749891654,44.864,5278.683147602839
15049,3,11786.310749891654,44.863,1057.5503046530637
15050,3,11787.310749891654,44.857,6345.345122881916
15051,3,11788.310749891654,44.854,3172.623437050711
15084,3,11821.310749891654,44.851,3181.292042457213
15085,3,11822.310749891654,44.842,9543.40666281065
15086,3,11823.310749891654,44.832,10602.435681855733
15087,3,11824.310749891654,44.823,9540.977222534188
15088,3,11825.310749891654,44.813,10599.735543770774
15089,3,11826.310749891654,44.805,8478.802534273154
15090,3,11827.310749891654,44.8,5298.930898722919
15091,3,11828.310749891654,44.793,7418.136915103072
15092,3,11829.310749891654,44.786,7417.6047936495825
15093,3,11830.310749891654,44.778,8476.559616029199
15094,3,11831.310749891654,44.769,9535.125453485292
15095,3,11832.310749891654,44.76,9534.01454214381
15096,3,11833.310749891654,44.749,11651.065931027997
15097,3,11834.310749891654,44.741,8472.419752065263
15098,3,11835.310749891654,44.734,7412.751005423664
15099,3,11836.310749891654,44.727,7412.217371977697
15100,3,11837.310749891654,44.721,6352.942631738092
15101,3,11838.310749891654,44.715,6352.626961356577
15102,3,11839.310749891654,44.708,7410.946796318226
15103,3,11840.310749891654,44.702,6351.853104887117
15104,3,11841.310749891654,44.694,8468.526526373822
15105,3,11842.310749891654,44.688,6350.936516681136
15106,3,11843.310749891654,44.68,8467.303960773366
15107,3,11844.310749891654,44.672,8466.50283299738
15108,3,11845.310749891654,44.664,8465.701449213875
15109,3,11846.310749891654,44.657,7406.8702574428
15110,3,11847.310749891654,44.649,8464.2874706339
15111,3,11848.310749891654,44.641,8463.485334865432
15112,3,11849.310749891654,44.632,9520.411667176058
15113,3,11850.310749891654,44.624,8461.690690333946
15114,3,11851.310749891654,44.617,7403.359758422858
15115,3,11852.310749891654,44.615,2115.2107856637344
15116,3,11853.310749891654,44.614,1057.6590649071325
15234,3,11971.310749891654,44.608,6408.6257263612415
15235,3,11972.310749891654,44.602,6408.299051987249
15236,3,11973.310749891654,44.595,7475.883792704355
15237,3,11974.310749891654,44.588,7475.334689250866
15238,3,11975.310749891654,44.58,8542.516071573566
15239,3,11976.310749891654,44.573,7474.068225993389
15240,3,11977.310749891654,44.565,8541.068204993591
15241,3,11978.310749891654,44.558,7472.800922735912
15242,3,11979.310749891654,44.549,9606.963986915725
15243,3,11980.310749891654,44.541,8538.60707766563
15244,3,11981.310749891654,44.532,9604.901631826257
15245,3,11982.310749891654,44.522,10670.72701520639
15246,3,11983.310749891654,44.513,9602.406653549795
15247,3,11984.310749891654,44.502,11734.617635413053
15248,3,11985.310749891654,44.492,10666.207448764035
15249,3,11986.310749891654,44.483,9598.337990744853
15250,3,11987.310749891654,44.473,10663.432150671499
15251,3,11988.310749891654,44.462,11727.984581953151
15252,3,11989.310749891654,44.451,11726.061453759254
15253,3,11990.310749891654,44.441,10658.427031791569
15254,3,11991.310749891654,44.432,9591.333842476453
15255,3,11992.310749891654,44.423,9590.190945134971
15256,3,11993.310749891654,44.413,10654.3775377792
15257,3,11994.310749891654,44.403,10652.867035621652
15258,3,11995.310749891654,44.393,10651.356133471674
15259,3,11996.310749891654,44.384,9584.968314988546
15260,3,11997.310749891654,44.377,7454.253096295693
15261,3,11998.310749891654,44.371,6388.9564945885495
15262,3,11999.310749891654,44.364,7453.311875746777
15263,3,12000.310749891654,44.36,4258.862283891188
15264,3,12001.310749891654,44.358,2129.464574220378
15280,3,12017.310749891654,44.353,5330.338269663344
15281,3,12018.310749891654,44.348,5330.180909133425
15282,3,12019.310749891654,44.347,1066.0527669591559
15299,3,12036.310749891654,44.346,1067.5365093452378
15314,3,12051.310749891654,44.344,2137.6615008107997
15315,3,12052.310749891654,44.34,4275.388506171196
15316,3,12053.310749891654,44.338,2137.726981360397
15369,3,12106.310749891654,44.335,3220.50867937555
15370,3,12107.310749891654,44.331,4294.027259797194
15751,3,12488.310749891654,44.327,4428.75461786099
15752,3,12489.310749891654,44.324,3321.569661866061
15753,3,12490.310749891654,44.321,3321.6107892725627
15754,3,12491.310749891654,44.316,5535.961554685698
15755,3,12492.310749891654,44.313,3321.5430283565684
15756,3,12493.310749891654,44.308,5535.8484598335735
15757,3,12494.310749891654,44.303,5535.666849296079
15758,3,12495.310749891654,44.299,4428.438092245147
15759,3,12496.310749891654,44.294,5535.428291328588
15760,3,12497.310749891654,44.29,4428.247101871155
15761,3,12498.310749891654,44.284,6642.152258165672
15762,3,12499.310749891654,44.278,6641.78375179168
15763,3,12500.310749891654,44.272,6641.415101417688
15764,3,12501.310749891654,44.265,7747.799849039774
15765,3,12502.310749891654,44.26,5533.835295673624
15766,3,12503.310749891654,44.253,7746.938810833793
15767,3,12504.310749891654,44.246,7746.332979380303
15768,3,12505.310749891654,44.238,8852.159331150262
15769,3,12506.310749891654,44.231,7744.945640122826
15770,3,12507.310749891654,44.225,6638.080078154749
15771,3,12508.310749891654,44.217,8850.080154738296
15772,3,12509.310749891654,44.21,7743.125751762359
15773,3,12510.310749891654,44.203,7742.51873030887
15774,3,12511.310749891654,44.198,5530.06190800869
15775,3,12512.310749891654,44.191,7741.654444102888
15776,3,12513.310749891654,44.184,7741.0468626572565
15777,3,12514.310749891654,44.18,4423.258220411253
15778,3,12515.310749891654,44.173,7740.356754793916
15779,3,12516.310749891654,44.168,5528.517039783722
15780,3,12517.310749891654,44.161,7739.490788587934
15781,3,12518.310749891654,44.156,5527.898252493735
15782,3,12519.310749891654,44.151,5527.713871948385
15783,3,12520.310749891654,44.147,4422.073594381138
15784,3,12521.310749891654,44.14,7738.282735227466
15785,3,12522.310749891654,44.134,6632.366754815866
15786,3,12523.310749891654,44.127,7737.239510670986
15787,3,12524.310749891654,44.122,5526.28949683877
15788,3,12525.310749891654,44.116,6631.25021969389
15789,3,12526.310749891654,44.111,5525.7940926562815
15790,3,12527.310749891654,44.105,6630.655470674904
15791,3,12528.310749891654,44.101,4420.288712017323
15792,3,12529.310749891654,44.096,5525.2381010437975
15793,3,12530.310749891654,44.092,4420.092177643331
15794,3,12531.310749891654,44.084,8839.686853454674
15795,3,12532.310749891654,44.078,6629.2414819919395
15796,3,12533.310749891654,44.072,6628.868055617948
15797,3,12534.310749891654,44.066,6628.494485243956
15798,3,12535.310749891654,44.061,5523.496652281335
15799,3,12536.310749891654,44.055,6627.897348224969
15800,3,12537.310749891654,44.05,5522.998818098847
15801,3,12538.310749891654,44.044,6627.2996832059835
15802,3,12539.310749891654,44.039,5522.50054390851
15803,3,12540.310749891654,44.034,5522.313943378864
15804,3,12541.310749891654,44.029,5522.127242833521
15805,3,12542.310749891654,44.024,5521.940442303874
15806,3,12543.310749891654,44.02,4417.453006651395
15807,3,12544.310749891654,44.016,4417.403764715245
15808,3,12545.310749891654,44.011,5521.630346898542
15809,3,12546.310749891654,44.008,3312.941177684266
15810,3,12547.310749891654,44.002,6625.7329145880385
15811,3,12548.310749891654,43.997,5521.193988401403
15812,3,12549.310749891654,43.99,7729.233434652697
15813,3,12550.310749891654,43.986,4416.50455413527
15814,3,12551.310749891654,43.978,8832.50799042286
15815,3,12552.310749891654,43.973,5519.941413821429
15816,3,12553.310749891654,43.967,6623.628884073083
15817,3,12554.310749891654,43.962,5519.439949631096
15818,3,12555.310749891654,43.957,5519.251829101446
15819,3,12556.310749891654,43.952,5519.063608563951
15820,3,12557.310749891654,43.946,6622.57500176411
15821,3,12558.310749891654,43.939,7725.8099817772745
15822,3,12559.310749891654,43.933,6621.670525287128
15823,3,12560.310749891654,43.927,6621.293414913135
15824,3,12561.310749891654,43.92,7724.3142581178045
15825,3,12562.310749891654,43.913,7723.698080672155
15826,3,12563.310749891654,43.907,6619.859700333161
15827,3,12564.310749891654,43.901,6619.48198995133
15828,3,12565.310749891654,43.894,7722.200201012683
15829,3,12566.310749891654,43.887,7721.583267551355
15830,3,12567.310749891654,43.882,5515.101486039024
15831,3,12568.310749891654,43.874,8823.557425335046
15832,3,12569.310749891654,43.867,7719.907261549222
15833,3,12570.310749891654,43.86,7719.289558087897
15834,3,12571.310749891654,43.852,8821.23846795892
15835,3,12572.310749891654,43.846,6615.39904886424
15836,3,12573.310749891654,43.839,7717.435271727429
15837,3,12574.310749891654,43.832,7716.81678427394
15838,3,12575.310749891654,43.824,8818.411512742967
15839,3,12576.310749891654,43.818,6613.278160452276
15840,3,12577.310749891654,43.812,6612.898446078284
15841,3,12578.310749891654,43.806,6612.518587704292
15842,3,12579.310749891654,43.799,7714.07362770749
15843,3,12580.310749891654,43.793,6611.607475227309
15844,3,12581.310749891654,43.788,5509.418883934123
15845,3,12582.310749891654,43.781,7712.742590398519
15846,3,12583.310749891654,43.773,8813.753515163227
15847,3,12584.310749891654,43.766,7711.325851148869
15848,3,12585.310749891654,43.76,6609.2514521703515
15849,3,12586.310749891654,43.757,3304.548473694929
15850,3,12587.310749891654,43.751,6608.942334609364
15851,3,12588.310749891654,43.745,6608.561024235371
15852,3,12589.310749891654,43.739,6608.179569861379
15853,3,12590.310749891654,43.732,7709.009501224094
15854,3,12591.310749891654,43.724,8809.485383543139
15855,3,12592.310749891654,43.719,5505.547144508872
15856,3,12593.310749891654,43.714,5505.354693979201
15857,3,12594.310749891654,43.71,4404.180091991671
15858,3,12595.310749891654,43.706,4404.126738047675
15859,3,12596.310749891654,43.702,4404.073320111502
15860,3,12597.310749891654,43.697,5504.961811143897
15861,3,12598.310749891654,43.693,4403.865505737509
15862,3,12599.310749891654,43.688,5504.701863176407
15863,3,12600.310749891654,43.682,6605.3349013084535
15864,3,12601.310749891654,43.678,4403.402028447521
15865,3,12602.310749891654,43.672,6604.871064018466
15866,3,12603.310749891654,43.667,5503.80278791893
15867,3,12604.310749891654,43.662,5503.609267389257
15868,3,12605.310749891654,43.656,6604.023144354487
15869,3,12606.310749891654,43.651,5503.095863198949
15870,3,12607.310749891654,43.647,4402.3720553815465
15871,3,12608.310749891654,43.641,6603.3253724195065
15872,3,12609.310749891654,43.636,5502.514071586465
15873,3,12610.310749891654,43.632,4401.906394091559
15874,3,12611.310749891654,43.626,6602.626520484526
15875,3,12612.310749891654,43.62,6602.241982110533
15876,3,12613.310749891654,43.616,4401.339106307754
15877,3,12614.310749891654,43.612,4401.284392363757
15878,3,12615.310749891654,43.607,5501.4739414768155
15879,3,12616.310749891654,43.603,4401.073841989765
15880,3,12617.310749891654,43.598,5501.2105735093255
15881,3,12618.310749891654,43.592,6601.14308569857
15882,3,12619.310749891654,43.587,5500.69445931902
15883,3,12620.310749891654,43.579,8800.496054603387
15884,3,12621.310749891654,43.573,6599.834846847595
15885,3,12622.310749891654,43.569,4399.733613465796
15886,3,12623.310749891654,43.563,6599.365873557608
15887,3,12624.310749891654,43.558,5499.212884209368
15888,3,12625.310749891654,43.553,5499.017223671873
15889,3,12626.310749891654,43.547,6598.509997893628
15890,3,12627.310749891654,43.54,7697.722278928389
15891,3,12628.310749891654,43.533,7697.0943134748995
15892,3,12629.310749891654,43.525,8795.860282115478
15893,3,12630.310749891654,43.518,7695.660970217423
15894,3,12631.310749891654,43.513,5496.578029371914
15895,3,12632.310749891654,43.504,9893.032060710273
15896,3,12633.310749891654,43.495,9891.76861736879
15897,3,12634.310749891654,43.491,4396.0326195578655
15898,3,12635.310749891654,43.49,1099.0319643337646
15920,3,12657.310749891654,43.484,6605.141670966711
15921,3,12658.310749891654,43.477,7705.455527854803
15922,3,12659.310749891654,43.47,7704.823642393492
15923,3,12660.310749891654,43.464,6603.668728386737
15924,3,12661.310749891654,43.459,5502.795571559157
15925,3,12662.310749891654,43.455,4402.128306069713
15926,3,12663.310749891654,43.45,5502.525103591666
15927,3,12664.310749891654,43.445,5502.326413061992
15928,3,12665.310749891654,43.438,7702.801357177542
15929,3,12666.310749891654,43.433,5501.6754057720045
15930,3,12667.310749891654,43.428,5501.476395234509
15931,3,12668.310749891654,43.422,6601.456731768791
15932,3,12669.310749891654,43.416,6601.065641394798
15933,3,12670.310749891654,43.411,5500.625357399211
15934,3,12671.310749891654,43.404,7700.418899260594
15935,3,12672.310749891654,43.4,4400.029049339758
15936,3,12673.310749891654,43.394,6599.803999356827
15937,3,12674.310749891654,43.389,5499.573549034236
15938,3,12675.310749891654,43.384,5499.373698504556
15939,3,12676.310749891654,43.38,4399.38970361196
15940,3,12677.310749891654,43.375,5499.100470537066
15941,3,12678.310749891654,43.369,6598.60432613186
15942,3,12679.310749891654,43.363,6598.211879757868
15943,3,12680.310749891654,43.356,7697.367075436668
15944,3,12681.310749891654,43.35,6597.274379280885
15945,3,12682.310749891654,43.344,6596.881488906893
15946,3,12683.310749891654,43.337,7695.814413777198
15947,3,12684.310749891654,43.327,10992.731068291727
15948,3,12685.310749891654,43.319,8793.051481876026
15949,3,12686.310749891654,43.314,5495.26579597963
15950,3,12687.310749891654,43.306,8791.798857247857
15951,3,12688.310749891654,43.3,6593.303044830949
15952,3,12689.310749891654,43.295,5494.154321929342
15953,3,12690.310749891654,43.289,6592.667195811964
15954,3,12691.310749891654,43.284,5493.624227754662
15955,3,12692.310749891654,43.279,5493.42247720936
15956,3,12693.310749891654,43.273,6591.788592147985
15957,3,12694.310749891654,43.266,7689.870705899612
15958,3,12695.310749891654,43.261,5492.4357662743805
15959,3,12696.310749891654,43.255,6590.604125026009
15960,3,12697.310749891654,43.249,6590.209014652016
15961,3,12698.310749891654,43.245,4393.310760009884
15962,3,12699.310749891654,43.238,7687.9214410778495
15963,3,12700.310749891654,43.233,5491.042854272215
15964,3,12701.310749891654,43.228,5490.840143726918
15965,3,12702.310749891654,43.221,7686.714434127178
15966,3,12703.310749891654,43.216,5490.180356436931
15967,3,12704.310749891654,43.209,7685.790395913395
15968,3,12705.310749891654,43.204,5489.5200891547465
15969,3,12706.310749891654,43.198,6587.103968473082
15970,3,12707.310749891654,43.193,5488.986414972257
15971,3,12708.310749891654,43.187,6586.463295454096
15972,3,12709.310749891654,43.184,3293.147636336801
15973,3,12710.310749891654,43.179,5488.502836459473
15974,3,12711.310749891654,43.174,5488.299085929778
15975,3,12712.310749891654,43.17,4390.527037552147
15976,3,12713.310749891654,43.165,5488.0184179622875
15977,3,12714.310749891654,43.16,5487.814377424793
15978,3,12715.310749891654,43.155,5487.6102368795
15979,3,12716.310749891654,43.152,3292.519895672822
15980,3,12717.310749891654,43.146,6584.870898565149
15981,3,12718.310749891654,43.141,5487.124398382313
15982,3,12719.310749891654,43.135,6584.227525546164
15983,3,12720.310749891654,43.129,6583.829319172171
15984,3,12721.310749891654,43.124,5486.256080547035
15985,3,12722.310749891654,43.119,5486.051230017337
15986,3,12723.310749891654,43.113,6582.939195508192
15987,3,12724.310749891654,43.106,7679.541439812053
15988,3,12725.310749891654,43.099,7678.897892366357
15989,3,12726.310749891654,43.094,5484.594512322068
15990,3,12727.310749891654,43.088,6581.190570283225
15991,3,12728.310749891654,43.083,5484.056328147374
15992,3,12729.310749891654,43.078,5483.850717602087
15993,3,12730.310749891654,43.073,5483.645007072385
15994,3,12731.310749891654,43.065,8773.197162996268
15995,3,12732.310749891654,43.058,7675.813590988126
15996,3,12733.310749891654,43.053,5482.390609922406
15997,3,12734.310749891654,43.047,6578.544933394278
15998,3,12735.310749891654,43.041,6578.144591020286
15999,3,12736.310749891654,43.036,5481.517102087134
16000,3,12737.310749891654,43.029,7673.656547823672
16001,3,12738.310749891654,43.022,7673.010648377971
16002,3,12739.310749891654,43.015,7672.364552916692
16003,3,12740.310749891654,43.009,6575.834951692327
16004,3,12741.310749891654,43.002,7671.250152360213
16005,3,12742.310749891654,42.995,7670.603482914509
16006,3,12743.310749891654,42.986,9861.143414278282
16007,3,12744.310749891654,42.977,9859.8526649368
16008,3,12745.310749891654,42.969,8763.267821676647
16009,3,12746.310749891654,42.962,7667.1226033402745
16010,3,12747.310749891654,42.953,9856.666827692847
16011,3,12748.310749891654,42.946,7665.47001574008
16012,3,12749.310749891654,42.939,7664.82187627881
16013,3,12750.310749891654,42.931,8758.953472748495
16014,3,12751.310749891654,42.921,10947.255304994804
16015,3,12752.310749891654,42.915,6567.644073166449
16016,3,12753.310749891654,42.907,8756.117081420536
16017,3,12754.310749891654,42.899,8755.171105636773
16018,3,12755.310749891654,42.893,6565.8217191284775
16019,3,12756.310749891654,42.885,8753.686588036573
16020,3,12757.310749891654,42.878,7658.736692898405
16021,3,12758.310749891654,42.871,7658.086719444916
16022,3,12759.310749891654,42.863,8751.253982652612
16023,3,12760.310749891654,42.855,8750.306534876625
16024,3,12761.310749891654,42.847,8749.358831092866
16025,3,12762.310749891654,42.84,7654.948848579464
16026,3,12763.310749891654,42.831,9841.010357286084
16027,3,12764.310749891654,42.822,9839.713577944602
16028,3,12765.310749891654,42.814,8745.361211024694
16029,3,12766.310749891654,42.806,8744.412211248708
16030,3,12767.310749891654,42.797,9836.28091910715
16031,3,12768.310749891654,42.787,10927.631072185099
16032,3,12769.310749891654,42.78,7648.421290549556
16033,3,12770.310749891654,42.772,8740.205002200766
16034,3,12771.310749891654,42.764,8739.254690417018
16035,3,12772.310749891654,42.757,7646.105513495853
16036,3,12773.310749891654,42.75,7645.452376034603
16037,3,12774.310749891654,42.742,8736.810997040815
16038,3,12775.310749891654,42.734,8735.85969325707
16039,3,12776.310749891654,42.728,6551.334415843692
16040,3,12777.310749891654,42.723,5459.169904447752
16041,3,12778.310749891654,42.718,5458.9582439025
16042,3,12779.310749891654,42.715,3275.3245658866053
16043,3,12780.310749891654,42.709,6550.471592992717
16044,3,12781.310749891654,42.703,6550.063882618724
16045,3,12782.310749891654,42.699,4366.539610654325
16046,3,12783.310749891654,42.694,5458.026274322526
16047,3,12784.310749891654,42.692,2183.202315383166
16048,3,12785.310749891654,42.688,4366.439327300578
16049,3,12786.310749891654,42.686,2183.2369879251683
16050,3,12787.310749891654,42.684,2183.305437439169
16051,3,12788.310749891654,42.681,3275.022441493627
16053,3,12790.310749891654,42.68,1091.7937159189569
16054,3,12791.310749891654,42.679,1091.853494297457
16055,3,12792.310749891654,42.678,1091.9132686837156
16056,3,12793.310749891654,42.677,1091.973039054457
16057,3,12794.310749891654,42.676,1092.0328054329573
16058,3,12795.310749891654,42.675,1092.092567819217
